Competition: USL Pro
Season: 2014
BlockSource: http://uslsoccer.com//ViewContent.dbml?DB_OEM_ID=32800&CONTENT_ID=1166968

Key: number; name; games_played; games_started; minutes; goals; assists; points; shots; _; shots_on_goal; _; yellow_cards; red_cards; _; pk_goals; pk_attempts; fouls
* ##; Player; GP-GS; Min; G; A; Pts; Sh; Shot%; SOG; SOG%; YC-RC; GW; PK-Att; Foul 

Team: Arizona United

29; Tan, Long; 12; 12; 1024; 5; 0; 10; 32; .156; 0; .000; 4; 0; 0; 0; 0; 13 
8; Kassel, Matthew; 26; 23; 1927; 2; 3; 7; 29; .069; 0; .000; 2; 1; 0; 0; 0; 22 
7; Okafor, Jonathan; 28; 12; 1348; 4; 1; 9; 25; .160; 0; .000; 0; 0; 0; 0; 0; 23 
9; Top, Jonathan; 21; 14; 1224; 5; 2; 12; 22; .227; 0; .000; 5; 0; 0; 0; 0; 20 
13; Dacres, Kadeem; 26; 11; 974; 3; 1; 7; 20; .150; 0; .000; 0; 1; 0; 0; 0; 16 
17; Stisser, Brad; 18; 10; 931; 2; 1; 5; 18; .111; 0; .000; 2; 0; 0; 0; 0; 9 
18; Baladez, Bradlee; 20; 12; 865; 1; 1; 3; 16; .062; 0; .000; 2; 1; 0; 0; 0; 22 
10; Tshuma, Ntokozo; 17; 15; 1125; 0; 1; 1; 15; .000; 0; .000; 0; 0; 0; 0; 0; 8 
23; Morrison, Scott; 27; 22; 1930; 2; 1; 5; 14; .143; 0; .000; 2; 0; 0; 0; 0; 10 
16; Garza, Samuel; 9; 2; 361; 1; 1; 3; 13; .077; 0; .000; 2; 0; 0; 0; 0; 7 
6; Delpiccolo, Paolo; 27; 26; 2187; 2; 3; 7; 11; .182; 0; .000; 5; 0; 0; 0; 0; 37 
3; Swartzendruber, Bran; 12; 8; 596; 2; 1; 5; 10; .200; 0; .000; 0; 0; 0; 0; 0; 4 
15; Lopez, Benjamin; 11; 2; 253; 0; 0; 0; 9; .000; 0; .000; 0; 0; 0; 0; 0; 2 
22; Woodberry, London; 25; 19; 1831; 2; 0; 4; 4; .500; 0; .000; 6; 1; 0; 0; 0; 22 
19; Ramos, Jose; 3; 0; 32; 0; 0; 0; 2; .000; 0; .000; 0; 0; 0; 0; 0; 1 
20; Toby, Joseph; 22; 5; 588; 0; 1; 1; 2; .000; 0; .000; 0; 1; 0; 0; 0; 6 
25; Wallace, Rodney; 2; 1; 130; 1; 0; 2; 2; .500; 0; .000; 1; 0; 0; 0; 0; 0 
5; Antunez, Daniel; 21; 18; 1479; 0; 0; 0; 2; .000; 0; .000; 3; 0; 0; 0; 0; 19 
2; Ruthven, Tyler; 23; 18; 1578; 0; 0; 0; 2; .000; 0; .000; 3; 1; 0; 0; 0; 13 
30; Malki, George; 4; 0; 43; 0; 0; 0; 2; .000; 0; .000; 0; 0; 0; 0; 0; 4 
11; Renken, Charles; 9; 0; 70; 0; 0; 0; 1; .000; 0; .000; 0; 0; 0; 0; 0; 2 
12; Dillon, Joseph; 26; 21; 1932; 0; 0; 0; 1; .000; 0; .000; 7; 0; 0; 0; 0; 27 
27; Robinson, Jalen; 19; 10; 982; 0; 0; 0; 1; .000; 0; .000; 2; 0; 0; 0; 0; 5 
14; Saint-Cyr, Widner; 22; 11; 950; 0; 0; 0; 1; .000; 0; .000; 3; 1; 0; 0; 0; 12 
1; Newton, Evan; 28; 28; 0; 0; 0; 0; 0; .000; 0; .000; 2; 0; 0; 0; 0; 0 
0; D'Arrigo, Michael; 1; 0; 0; 0; 0; 0; 0; .000; 0; .000; 0; 0; 0; 0; 0; 0 
4; Grousis, Devon; 9; 2; 166; 0; 0; 0; 0; .000; 0; .000; 0; 0; 0; 0; 0; 0 
28; Cope, Kevin; 1; 0; 0; 0; 0; 0; 0; .000; 0; .000; 0; 0; 0; 0; 0; 0 
26; Gallego, Bryan; 6; 6; 507; 0; 1; 1; 0; .000; 0; .000; 0; 0; 0; 0; 0; 2 
24; Turner, Jacole; 27; 0; 0; 0; 0; 0; 0; .000; 0; .000; 0; 0; 0; 0; 0; 0 

Team: Charleston Battery

9; Kelly, Dane; 19; 18; 1368; 10; 0; 20; 53; .189; 0; .000; 5; 1; 0; 0; 0; 25 
16; Cordoves, Haviel; 27; 7; 875; 4; 2; 10; 34; .118; 0; .000; 0; 0; 0; 0; 0; 9 
24; Prince, Zachary; 25; 16; 1364; 2; 3; 7; 28; .071; 0; .000; 7; 0; 0; 0; 0; 33 
27; Mena, Adam; 27; 12; 1178; 2; 0; 4; 22; .091; 0; .000; 0; 0; 0; 0; 0; 7 
7; Cuevas, Jose; 15; 13; 929; 4; 4; 12; 21; .190; 0; .000; 2; 0; 0; 0; 0; 8 
11; Griffith, Quinton; 26; 26; 2275; 0; 1; 1; 18; .000; 0; .000; 0; 1; 0; 0; 0; 22 
10; Diouf, Mamadou; 23; 9; 829; 1; 1; 3; 14; .071; 0; .000; 2; 0; 0; 0; 0; 11 
8; Lewis, Andre; 14; 11; 934; 1; 4; 6; 13; .077; 0; .000; 1; 1; 0; 0; 0; 8 
3; Abdallah, Aminu; 25; 7; 803; 0; 0; 0; 12; .000; 0; .000; 0; 0; 0; 0; 0; 15 
23; Sanyang, Amadou; 20; 17; 1451; 3; 0; 6; 10; .300; 0; .000; 5; 1; 1; 0; 0; 21 
19; van Schaik, Jarad; 27; 25; 2193; 2; 4; 8; 8; .250; 0; .000; 5; 0; 0; 0; 0; 28 
50; Marini, Dante; 18; 2; 349; 0; 0; 0; 7; .000; 0; .000; 0; 0; 0; 0; 0; 5 
32; Falvey, Colin; 23; 23; 1988; 3; 0; 6; 6; .500; 0; .000; 3; 0; 1; 0; 0; 9 
20; Portillo, Justin; 21; 10; 1001; 0; 1; 1; 6; .000; 0; .000; 0; 0; 0; 0; 0; 12 
6; Ferguson, Shawn; 26; 21; 1921; 0; 0; 0; 6; .000; 0; .000; 2; 1; 0; 0; 0; 4 
29; Salgado, Omar; 5; 3; 245; 2; 1; 5; 6; .333; 0; .000; 0; 0; 0; 0; 0; 4 
12; Chang, Maikel; 22; 8; 818; 2; 1; 5; 5; .400; 0; .000; 1; 0; 0; 0; 0; 6 
4; Mueller, Taylor; 26; 16; 1510; 0; 0; 0; 2; .000; 0; .000; 0; 0; 0; 0; 0; 12 
15; Adjetey, Emmanuel; 14; 10; 897; 0; 0; 0; 2; .000; 0; .000; 0; 0; 0; 0; 0; 2 
21; Ramirez, Marlon; 2; 1; 60; 0; 0; 0; 1; .000; 0; .000; 0; 0; 0; 0; 0; 1 
18; Farmer, Jackson; 6; 3; 271; 0; 0; 0; 1; .000; 0; .000; 0; 0; 0; 0; 0; 4 
5; Kafari, Michael; 1; 0; 0; 0; 0; 0; 0; .000; 0; .000; 0; 0; 0; 0; 0; 0 
0; Cooper, Odisnel; 26; 24; 0; 0; 0; 0; 0; .000; 0; .000; 0; 0; 0; 0; 0; 0 
1; Shannon, Eric; 23; 4; 0; 0; 0; 0; 0; .000; 0; .000; 0; 0; 0; 0; 0; 0 
25; Wilson, John; 25; 21; 1844; 0; 0; 0; 0; .000; 0; .000; 0; 0; 0; 0; 0; 12

Team: Charlotte Eagles

10; Herrera, Jorge; 28; 24; 2232; 10; 3; 23; 45; .222; 0; .000; 4; 0; 0; 0; 0; 16 
9; Thompson, Thomas; 25; 23; 1990; 6; 2; 14; 30; .200; 1; .033; 3; 1; 0; 0; 0; 28 
7; Boggs, Zak; 28; 14; 1319; 3; 1; 7; 23; .130; 0; .000; 0; 0; 0; 0; 0; 6 
2; Sekyere, Owusu; 28; 23; 1950; 2; 3; 7; 23; .087; 0; .000; 2; 0; 0; 0; 0; 35 
5; Newnam, Tyler; 28; 27; 2387; 2; 2; 6; 22; .091; 0; .000; 3; 0; 0; 0; 0; 29 
12; Yates, Drew; 28; 17; 1797; 3; 8; 14; 16; .188; 1; .062; 1; 0; 0; 0; 0; 26 
28; Gentile, Giuseppe; 11; 4; 544; 1; 0; 2; 11; .091; 0; .000; 3; 0; 0; 0; 0; 18 
8; Guzman, Juan; 23; 18; 1493; 2; 0; 4; 10; .200; 0; .000; 2; 1; 0; 0; 0; 22 
31; Asante, Gideon; 6; 4; 339; 0; 0; 0; 8; .000; 0; .000; 0; 0; 0; 0; 0; 3 
3; Duckett, Kevin; 28; 25; 2302; 0; 0; 0; 7; .000; 0; .000; 1; 0; 0; 0; 0; 18 
18; Toby, Darren; 23; 15; 1253; 1; 0; 2; 7; .143; 0; .000; 1; 0; 0; 0; 0; 11 
14; Geno, David; 16; 6; 491; 0; 2; 2; 6; .000; 0; .000; 0; 0; 0; 0; 0; 4 
19; Brandao, Guilherme; 17; 5; 331; 1; 0; 2; 6; .167; 0; .000; 0; 0; 0; 0; 0; 4 
20; Leathers, Jonathan; 17; 15; 1172; 1; 1; 3; 5; .200; 0; .000; 3; 0; 0; 0; 0; 9 
15; Ibikunle, Olutolani; 23; 3; 532; 0; 0; 0; 3; .000; 0; .000; 0; 0; 0; 0; 0; 4 
32; Estrada, David; 3; 2; 225; 1; 1; 3; 3; .333; 0; .000; 0; 0; 0; 0; 0; 3 
21; Greer, Jarvis; 26; 16; 1420; 0; 0; 0; 2; .000; 0; .000; 1; 0; 0; 0; 0; 7 
16; Dixon, Richard; 20; 14; 1230; 0; 0; 0; 2; .000; 0; .000; 1; 1; 0; 0; 0; 15 
17; Hall, Tyrone; 18; 5; 398; 0; 0; 0; 2; .000; 0; .000; 0; 0; 0; 0; 0; 12 
13; Gold, Matthew; 27; 16; 1423; 0; 0; 0; 1; .000; 0; .000; 1; 0; 0; 0; 0; 7 
26; Herrick, Doug; 9; 3; 22; 0; 0; 0; 0; .000; 0; .000; 0; 0; 0; 0; 0; 0 
25; Kann, Alec; 17; 17; 0; 0; 0; 0; 0; .000; 0; .000; 1; 2; 0; 0; 0; 0 
24; Obilo, Feliz; 3; 0; 0; 0; 0; 0; 0; .000; 0; .000; 0; 0; 0; 0; 0; 0 
22; Russell, Drew; 10; 4; 188; 0; 0; 0; 0; .000; 0; .000; 1; 0; 0; 0; 0; 6 
27; Renfro, Kyle; 5; 0; 0; 0; 0; 0; 0; .000; 0; .000; 0; 0; 0; 0; 0; 0 
11; Gomez, Mario; 4; 0; 18; 0; 0; 0; 0; .000; 0; .000; 0; 0; 0; 0; 0; 0 
1; Duckworth, Brock; 24; 8; 0; 0; 0; 0; 0; .000; 0; .000; 0; 0; 0; 0; 0; 0 
6; Wickham, Chase; 5; 0; 0; 0; 0; 0; 0; .000; 0; .000; 0; 0; 0; 0; 0; 0 



Team: Dayton Dutch Lions

25; Schoenfeld, Aaron; 18; 16; 1411; 12; 1; 25; 40; .300; 0; .000; 2; 0; 0; 0; 0; 28 
5; Garner, Thomas; 20; 17; 1575; 4; 1; 9; 29; .138; 0; .000; 3; 0; 0; 0; 0; 25 
6; Thuriere, Sebastien; 27; 22; 1824; 0; 1; 1; 16; .000; 0; .000; 5; 0; 0; 0; 0; 30 
20; Felix, Guilherme; 22; 7; 645; 0; 2; 2; 15; .000; 0; .000; 1; 0; 0; 0; 0; 19 
17; Vickers, Cameron; 27; 20; 1536; 0; 2; 2; 14; .000; 0; .000; 2; 0; 0; 0; 0; 11 
23; Broekhuizen, Joseph; 25; 7; 683; 2; 0; 4; 13; .154; 0; .000; 1; 0; 0; 0; 0; 12 
8; DeLass, Joel; 20; 17; 1534; 1; 1; 3; 13; .077; 0; .000; 1; 0; 0; 0; 0; 17 
21; Harada, Shintaro; 27; 21; 1879; 1; 1; 3; 12; .083; 0; .000; 5; 1; 0; 0; 0; 40 
4; Walker, Matt; 23; 17; 1336; 2; 0; 4; 12; .167; 0; .000; 1; 0; 0; 0; 0; 9 
10; Janneh, Karamba; 6; 4; 416; 2; 0; 4; 10; .200; 0; .000; 0; 0; 0; 0; 0; 2 
9; Clemens, David; 15; 3; 455; 1; 0; 2; 8; .125; 0; .000; 4; 0; 0; 0; 0; 10 
13; Finley, Ryan; 4; 2; 221; 0; 0; 0; 7; .000; 0; .000; 0; 0; 0; 0; 0; 1 
16; Granger, Brock; 27; 27; 2284; 3; 0; 6; 6; .500; 0; .000; 3; 1; 0; 0; 0; 26 
14; Angoy Cruyff, Jesjua; 18; 8; 833; 0; 0; 0; 5; .000; 0; .000; 3; 0; 0; 0; 0; 14 
33; Camacho, Christian; 4; 3; 291; 0; 0; 0; 4; .000; 0; .000; 0; 0; 0; 0; 0; 1 
24; Bowlin, Taylor; 21; 12; 1047; 0; 1; 1; 3; .000; 0; .000; 0; 0; 0; 0; 0; 6 
3; George, Kevan; 7; 7; 630; 0; 0; 0; 3; .000; 0; .000; 1; 0; 0; 0; 0; 4 
22; Beckham da Silva, J; 6; 1; 102; 0; 0; 0; 2; .000; 0; .000; 1; 0; 0; 0; 0; 6 
2; Smith, Shane; 17; 12; 1038; 0; 1; 1; 2; .000; 0; .000; 0; 1; 0; 0; 0; 6 
19; Friedman, Ross; 18; 16; 1329; 0; 2; 2; 2; .000; 0; .000; 1; 0; 0; 0; 0; 15 
7; Khutsidze, Irakli; 12; 2; 295; 0; 0; 0; 2; .000; 0; .000; 1; 0; 0; 0; 0; 4 
28; Sweat, Benjamin; 7; 7; 630; 0; 0; 0; 1; .000; 0; .000; 1; 0; 0; 0; 0; 5 
26; Baiden, Kingsley; 2; 1; 116; 0; 0; 0; 1; .000; 0; .000; 2; 0; 0; 0; 0; 3 
18; Hertsenberg, Charles; 13; 1; 144; 0; 0; 0; 1; .000; 0; .000; 1; 0; 0; 0; 0; 6 
11; Kissinger, Eric; 13; 4; 380; 0; 0; 0; 1; .000; 0; .000; 0; 0; 0; 0; 0; 2 
45; Detelj, Keith; 4; 0; 73; 0; 0; 0; 1; .000; 0; .000; 0; 0; 0; 0; 0; 1 
46; Smith, Yannick; 6; 1; 91; 0; 0; 0; 0; .000; 0; .000; 0; 0; 0; 0; 0; 1 
15; Pechim dos Santos, M; 12; 6; 471; 0; 0; 0; 0; .000; 0; .000; 0; 0; 0; 0; 0; 5 
31; Wiet, Matthew; 19; 17; 1578; 0; 0; 0; 0; .000; 0; .000; 0; 0; 0; 0; 0; 11 
32; Krotee, Scott; 17; 0; 0; 0; 0; 0; 0; .000; 0; .000; 0; 0; 0; 0; 0; 0 
29; Mendez, Osman; 6; 1; 89; 0; 0; 0; 0; .000; 0; .000; 1; 0; 0; 0; 0; 3 
1; Teepen, Sean; 3; 0; 0; 0; 0; 0; 0; .000; 0; .000; 0; 0; 0; 0; 0; 0 
12; Stuver, Bradley; 6; 1; 0; 0; 0; 0; 0; .000; 0; .000; 0; 0; 0; 0; 0; 0 
30; Williams, Matt; 28; 27; 90; 0; 0; 0; 0; .000; 0; .000; 2; 0; 0; 0; 0; 0 


Team: Harrisburg City Islanders

18; McLaughlin, James; 23; 14; 1367; 6; 4; 16; 44; .136; 0; .000; 1; 0; 0; 0; 0; 11 
15; Langley, Morgan; 25; 24; 1945; 6; 5; 17; 39; .154; 0; .000; 7; 0; 0; 0; 0; 31 
10; Bauque, Clesio; 20; 9; 905; 5; 1; 11; 34; .147; 0; .000; 1; 0; 0; 0; 0; 8 
7; Ekra, Yann; 27; 24; 2033; 1; 6; 8; 20; .050; 0; .000; 6; 0; 0; 0; 0; 47 
25; Derschang, Robbie; 22; 10; 946; 6; 1; 13; 15; .400; 0; .000; 2; 0; 0; 0; 0; 8 
23; Hernandez, Cristhian; 18; 6; 581; 1; 1; 3; 14; .071; 0; .000; 2; 0; 0; 0; 0; 9 
5; Hardware, Jamiel; 24; 8; 678; 3; 0; 6; 13; .231; 0; .000; 2; 0; 0; 0; 0; 7 
30; Ribeiro, Pedro; 12; 12; 1034; 4; 2; 10; 12; .333; 0; .000; 2; 0; 0; 0; 0; 19 
8; Barril, Jose; 21; 20; 1642; 2; 0; 4; 12; .167; 0; .000; 5; 0; 0; 0; 0; 29 
9; Pettis, Garret; 27; 8; 671; 3; 2; 8; 10; .300; 0; .000; 0; 0; 0; 0; 0; 14 
2; Marquez, Richie; 28; 28; 2520; 0; 1; 1; 8; .000; 0; .000; 1; 0; 0; 0; 0; 23 
17; Bahner, Matthew; 28; 28; 2442; 2; 2; 6; 8; .250; 0; .000; 3; 0; 0; 0; 0; 19 
33; Wheeler, Aaron; 3; 3; 270; 1; 0; 2; 7; .143; 0; .000; 1; 0; 0; 0; 0; 10 
4; Andrews, Coady; 17; 14; 1262; 2; 0; 4; 6; .333; 0; .000; 2; 0; 0; 0; 0; 15 
27; Hoppenot, Antoine; 9; 7; 591; 1; 1; 3; 5; .200; 0; .000; 1; 0; 0; 0; 0; 6 
22; Pelletier, Jason; 22; 11; 1070; 0; 0; 0; 5; .000; 0; .000; 0; 0; 0; 0; 0; 10 
11; Amaral, Edon; 7; 3; 225; 0; 0; 0; 4; .000; 0; .000; 0; 0; 0; 0; 0; 4 
93; Silva, Luan; 10; 2; 314; 0; 0; 0; 3; .000; 0; .000; 1; 0; 0; 0; 0; 3 
21; Cox, Raphael; 23; 19; 1647; 0; 0; 0; 2; .000; 0; .000; 4; 0; 0; 0; 0; 20 
14; DiPrima, Danny; 20; 3; 423; 0; 1; 1; 2; .000; 0; .000; 1; 0; 0; 0; 0; 7 
12; Fernandes, Leonardo; 3; 1; 106; 0; 1; 1; 2; .000; 0; .000; 0; 0; 0; 0; 0; 0 
26; Johnson, Shane; 2; 2; 180; 0; 0; 0; 1; .000; 0; .000; 0; 0; 0; 0; 0; 2 
20; Shaffer, Neil; 22; 13; 1193; 1; 1; 3; 1; 1.000; 0; .000; 1; 0; 0; 0; 0; 17 
24; Flynn, David; 5; 0; 0; 0; 0; 0; 0; .000; 0; .000; 1; 0; 0; 0; 0; 0 
19; Pfeffer, Zach; 1; 1; 64; 0; 0; 0; 0; .000; 0; .000; 0; 0; 0; 0; 0; 0 
44; White, Ethan; 1; 1; 66; 0; 0; 0; 0; .000; 0; .000; 0; 1; 0; 0; 0; 1 
6; Zizzi, Colin; 22; 8; 838; 0; 0; 0; 0; .000; 0; .000; 2; 0; 0; 0; 0; 10 
92; Sylvestre, Brian; 25; 2; 0; 0; 0; 0; 0; .000; 0; .000; 0; 0; 0; 0; 0; 0 
1; Noble, Nicholas; 27; 26; 0; 0; 1; 1; 0; .000; 0; .000; 4; 1; 0; 0; 0; 0 
00; Ribeiro, Andrew; 1; 1; 90; 0; 0; 0; 0; .000; 0; .000; 0; 0; 0; 0; 0; 0

Team: LA Galaxy II

30; Hoffman, Chandler; 17; 14; 1204; 13; 1; 27; 46; .283; 0; .000; 0; 0; 0; 0; 0; 5 
32; McBean, Jack; 26; 16; 1388; 5; 6; 16; 41; .122; 0; .000; 1; 0; 0; 0; 0; 19 
38; Jamieson, Bradford; 19; 15; 1204; 6; 1; 13; 35; .171; 0; .000; 0; 0; 0; 0; 0; 18 
27; Rugg, Charles; 25; 16; 1428; 8; 3; 19; 34; .235; 0; .000; 1; 0; 0; 0; 0; 19 
40; Mendiola, Raul; 20; 20; 1678; 2; 7; 11; 32; .062; 0; .000; 2; 0; 0; 0; 0; 16 
63; Auras, Andre; 24; 19; 1584; 2; 5; 9; 28; .071; 0; .000; 5; 0; 0; 0; 0; 30 
25; Garcia, Rafael; 23; 23; 1972; 4; 2; 10; 24; .167; 0; .000; 5; 2; 0; 0; 0; 33 
50; Bowen, Travis; 23; 4; 655; 2; 0; 4; 19; .105; 0; .000; 3; 0; 0; 0; 0; 12 
53; Diallo, Bradley; 21; 20; 1615; 0; 0; 0; 12; .000; 0; .000; 2; 2; 0; 0; 0; 25 
56; Courtois, Laurent; 11; 5; 440; 2; 0; 4; 11; .182; 0; .000; 1; 0; 0; 0; 0; 9 
34; Walker, Kenney; 7; 7; 579; 1; 2; 4; 9; .111; 0; .000; 0; 0; 0; 0; 0; 12 
5; Villarreal, Jose; 5; 5; 400; 1; 2; 4; 9; .111; 0; .000; 3; 0; 0; 0; 0; 9 
43; Emory, Logan; 16; 14; 1136; 0; 0; 0; 8; .000; 0; .000; 3; 0; 0; 0; 0; 23 
48; Stojkov, Dragan; 17; 15; 1142; 1; 1; 3; 8; .125; 0; .000; 3; 0; 0; 0; 0; 18 
58; Dokovic, Aleksandar; 15; 3; 416; 1; 1; 3; 7; .143; 0; .000; 0; 0; 0; 0; 0; 6 
44; Steres, Daniel; 25; 20; 1829; 3; 0; 6; 7; .429; 0; .000; 2; 0; 0; 0; 0; 14 
57; Covarrubias, Alejand; 21; 3; 549; 0; 0; 0; 6; .000; 0; .000; 1; 0; 0; 0; 0; 11 
21; Meyer, Tommy; 6; 5; 487; 0; 0; 0; 3; .000; 0; .000; 0; 0; 0; 0; 0; 4 
61; Villarreal, Jaime; 11; 4; 462; 0; 0; 0; 3; .000; 0; .000; 1; 0; 0; 0; 0; 3 
22; Da Silva, Leonardo; 1; 1; 90; 0; 0; 0; 3; .000; 0; .000; 0; 0; 0; 0; 0; 1 
72; Nishanian, Lee; 14; 6; 544; 0; 0; 0; 2; .000; 0; .000; 0; 0; 0; 0; 0; 4 
36; Sorto, Oscar; 23; 21; 1808; 0; 1; 1; 2; .000; 0; .000; 4; 0; 0; 0; 0; 23 
55; Bli, Jason; 4; 4; 317; 0; 0; 0; 2; .000; 0; .000; 2; 0; 0; 0; 0; 9 
31; Venter, Kyle; 14; 4; 459; 1; 0; 2; 2; .500; 0; .000; 1; 0; 0; 0; 0; 2 
8; Sarvas, Marcelo; 1; 1; 60; 0; 0; 0; 2; .000; 0; .000; 0; 0; 0; 0; 0; 0 
59; Martin, Elijah; 9; 0; 105; 0; 0; 0; 2; .000; 0; .000; 0; 0; 0; 0; 0; 2 
11; Zardes, Gyasi; 1; 1; 90; 1; 0; 2; 1; 1.000; 0; .000; 0; 0; 0; 0; 0; 1 
49; Arreola, Eder; 14; 5; 492; 0; 0; 0; 1; .000; 0; .000; 2; 0; 0; 0; 0; 3 
2; Dunivant, Todd; 1; 1; 78; 0; 0; 0; 1; .000; 0; .000; 0; 0; 0; 0; 0; 1 
14; Rogers, Robbie; 4; 2; 246; 0; 0; 0; 1; .000; 0; .000; 0; 0; 0; 0; 0; 2 
28; Opare, Kofi; 5; 3; 297; 0; 0; 0; 0; .000; 0; .000; 0; 0; 0; 0; 0; 3 
12; Rowe, Brian; 6; 5; 0; 0; 0; 0; 0; .000; 0; .000; 0; 0; 0; 0; 0; 0 
66; Franco, Joe; 17; 3; 330; 0; 0; 0; 0; .000; 0; .000; 0; 0; 0; 0; 0; 4 
64; Shackelford, Nick; 16; 0; 0; 0; 0; 0; 0; .000; 0; .000; 0; 0; 0; 0; 0; 0 
60; Ortiz, Rey; 1; 0; 0; 0; 0; 0; 0; .000; 0; .000; 0; 0; 0; 0; 0; 0 
41; Laurendi, Cody; 28; 19; 0; 0; 0; 0; 0; .000; 0; .000; 0; 0; 0; 0; 0; 0 
68; Bailey, Kainoa; 3; 0; 35; 0; 0; 0; 0; .000; 0; .000; 1; 0; 0; 0; 0; 1 
65; Jones, Malcolm; 1; 0; 0; 0; 0; 0; 0; .000; 0; .000; 0; 0; 0; 0; 0; 0


Team: OKC Energy

22; Greig, Kyle; 26; 21; 1774; 9; 2; 20; 42; .214; 0; .000; 2; 0; 0; 0; 0; 19 
11; Djeziri, Adda; 27; 20; 1563; 3; 7; 13; 32; .094; 0; .000; 1; 0; 0; 0; 0; 16 
8; Thomas, Michael; 23; 23; 2070; 5; 3; 13; 31; .161; 0; .000; 6; 0; 0; 0; 0; 19 
21; Perry, Steven; 28; 10; 1199; 3; 3; 9; 18; .167; 0; .000; 2; 0; 0; 0; 0; 16 
10; Lund, Philip; 6; 5; 428; 2; 0; 4; 15; .133; 0; .000; 0; 0; 0; 0; 0; 5 
7; Leichty, David; 22; 8; 829; 1; 1; 3; 13; .077; 0; .000; 2; 0; 0; 0; 0; 6 
2; Miller, Kyle; 25; 20; 1570; 1; 1; 3; 10; .100; 0; .000; 0; 0; 0; 0; 0; 8 
5; Evans, Gareth; 27; 26; 2353; 0; 0; 0; 9; .000; 0; .000; 5; 0; 0; 0; 0; 16 
4; Hedrick, Cyprian; 27; 14; 1433; 0; 0; 0; 9; .000; 0; .000; 2; 0; 0; 0; 0; 27 
3; De Doue, Moer Yhan; 26; 23; 1920; 1; 1; 3; 9; .111; 0; .000; 1; 0; 0; 0; 0; 7 
26; Medranda, Jimmy; 9; 5; 412; 0; 0; 0; 9; .000; 0; .000; 0; 0; 0; 0; 0; 10 
23; Howard, Mark; 20; 19; 1440; 1; 0; 2; 8; .125; 0; .000; 4; 0; 0; 0; 0; 14 
27; Polak, Nathan; 6; 3; 329; 0; 0; 0; 8; .000; 0; .000; 0; 0; 0; 0; 0; 2 
13; Delgado Davila, D; 14; 10; 734; 2; 0; 4; 8; .250; 0; .000; 0; 0; 0; 0; 0; 6 
9; Duke, Christian; 13; 12; 914; 0; 3; 3; 8; .000; 0; .000; 3; 0; 0; 0; 0; 13 
18; Shiffman, Nathan; 25; 14; 1293; 1; 1; 3; 7; .143; 0; .000; 1; 0; 0; 0; 0; 12 
20; Villon, Abraham; 25; 11; 990; 0; 1; 1; 7; .000; 0; .000; 0; 0; 0; 0; 0; 20 
17; Wyatt, Paul; 20; 7; 694; 1; 0; 2; 7; .143; 0; .000; 2; 0; 0; 0; 0; 16 
25; Castro, Javier; 13; 5; 495; 0; 2; 2; 7; .000; 0; .000; 0; 0; 0; 0; 0; 7 
14; Caringi, Peter; 14; 2; 393; 1; 0; 2; 6; .167; 0; .000; 0; 0; 0; 0; 0; 0 
19; Lopez, Miguel; 5; 4; 366; 1; 0; 2; 3; .333; 0; .000; 2; 0; 0; 0; 0; 8 
33; Gabeljic, Adnan; 3; 0; 48; 0; 0; 0; 3; .000; 0; .000; 0; 0; 0; 0; 0; 0 
6; Morad, Tarek; 23; 8; 844; 0; 0; 0; 3; .000; 0; .000; 2; 1; 0; 0; 0; 6 
12; Gunderson, Max; 14; 5; 618; 0; 1; 1; 1; .000; 0; .000; 0; 0; 0; 0; 0; 4 
15; Boydston, Kevin; 5; 5; 446; 0; 0; 0; 1; .000; 0; .000; 1; 0; 0; 0; 0; 5 
1; Kempin, Jonathan; 14; 13; 0; 0; 0; 0; 0; .000; 0; .000; 0; 0; 0; 0; 0; 0 
16; Badr, Samir; 26; 12; 0; 0; 0; 0; 0; .000; 0; .000; 1; 0; 0; 0; 0; 0 
24; Clark, Ray; 15; 3; 0; 0; 0; 0; 0; .000; 0; .000; 0; 0; 0; 0; 0; 0



Team: Orange County Blues

9; Cortez, Christopher; 20; 11; 1078; 5; 0; 10; 43; .116; 0; .000; 1; 0; 1; 0; 0; 17 
7; Russell, Allan; 25; 21; 1837; 8; 4; 20; 40; .200; 0; .000; 6; 0; 0; 0; 0; 22 
12; Cardenas, Enrique; 20; 6; 845; 1; 1; 3; 19; .053; 0; .000; 2; 0; 0; 0; 0; 19 
8; Gonzalez, Gabriel; 24; 15; 1349; 1; 2; 4; 14; .071; 0; .000; 1; 0; 0; 0; 0; 15 
15; Suggs, Joshua; 22; 19; 1756; 2; 0; 4; 12; .167; 0; .000; 3; 1; 0; 0; 0; 24 
23; Hoxie, Andrew; 20; 6; 557; 2; 0; 4; 11; .182; 0; .000; 2; 0; 0; 0; 0; 14 
17; Bardsley, Gibson; 7; 4; 409; 1; 0; 2; 11; .091; 0; .000; 1; 0; 0; 0; 0; 11 
14; Kim, Seung Ju; 22; 11; 1036; 1; 1; 3; 11; .091; 0; .000; 1; 0; 0; 0; 0; 14 
20; Santana, Christopher; 12; 6; 462; 3; 0; 6; 10; .300; 0; .000; 0; 0; 0; 0; 0; 6 
16; Santana, Edgar; 23; 16; 1286; 3; 1; 7; 9; .333; 0; .000; 3; 0; 0; 0; 0; 16 
2; Okai, Stephen; 27; 23; 1988; 2; 0; 4; 9; .222; 0; .000; 4; 0; 0; 0; 0; 17 
27; Roknipour, Mohammad; 19; 2; 311; 1; 1; 3; 7; .143; 0; .000; 1; 0; 0; 0; 0; 10 
19; Martinez, Alex; 5; 5; 447; 1; 1; 3; 7; .143; 0; .000; 1; 1; 0; 0; 0; 11 
10; Rivera Samaniego, C; 17; 7; 692; 0; 2; 2; 5; .000; 0; .000; 2; 1; 0; 0; 0; 8 
6; Turner, James; 26; 17; 1392; 0; 2; 2; 4; .000; 0; .000; 2; 0; 0; 0; 0; 18 
13; Momeni, Mehrshad; 25; 19; 1401; 0; 2; 2; 4; .000; 0; .000; 7; 1; 0; 0; 0; 33 
18; Moses, Seth; 23; 18; 1564; 0; 0; 0; 4; .000; 0; .000; 2; 0; 0; 0; 0; 19 
32; McKenzie, Rauwshan; 4; 4; 360; 0; 0; 0; 3; .000; 0; .000; 1; 0; 0; 0; 0; 4 
11; Tshuma, Ntokozo; 3; 1; 92; 0; 0; 0; 3; .000; 0; .000; 0; 0; 0; 0; 0; 0 
35; Sofia, Joe; 6; 2; 317; 0; 0; 0; 2; .000; 0; .000; 2; 0; 0; 0; 0; 4 
0; Okoli, Sean; 2; 2; 122; 0; 1; 1; 2; .000; 0; .000; 1; 0; 0; 0; 0; 1 
39; Prado, William; 4; 2; 148; 0; 0; 0; 2; .000; 0; .000; 0; 0; 0; 0; 0; 0 
4; Gautrat, Fabrice; 21; 17; 1567; 0; 1; 1; 1; .000; 0; .000; 6; 1; 0; 0; 0; 19 
21; Peay, Taylor; 15; 13; 1086; 0; 0; 0; 1; .000; 0; .000; 2; 0; 0; 0; 0; 8 
5B; Garner, Thomas; 5; 2; 194; 0; 1; 1; 1; .000; 0; .000; 0; 1; 0; 0; 0; 0 
28; Abolfathi, Dersu; 11; 3; 362; 0; 0; 0; 1; .000; 0; .000; 0; 0; 0; 0; 0; 5 
30; Miranda Boudy, Joes; 3; 1; 0; 0; 0; 0; 0; .000; 0; .000; 0; 0; 0; 0; 0; 0 
34; Franco, Marco; 3; 1; 126; 0; 0; 0; 0; .000; 0; .000; 1; 0; 0; 0; 0; 4 
29; Garcia, Erlys; 8; 6; 566; 0; 0; 0; 0; .000; 0; .000; 0; 0; 0; 0; 0; 4 
26; Barron, Jacob; 7; 3; 223; 0; 0; 0; 0; .000; 0; .000; 1; 0; 0; 0; 0; 3 
24; Perez, Aaron; 12; 8; 0; 0; 0; 0; 0; .000; 0; .000; 0; 0; 0; 0; 0; 0 
25; Griffiths, Brenton; 8; 7; 458; 0; 0; 0; 0; .000; 0; .000; 0; 0; 0; 0; 0; 2 
5A; Kovar, Aaron; 2; 1; 123; 0; 0; 0; 0; .000; 0; .000; 0; 0; 0; 0; 0; 0 
3; Long, Aaron; 3; 1; 126; 0; 0; 0; 0; .000; 0; .000; 1; 0; 0; 0; 0; 0 
33; Watson-Siriboe, K; 4; 4; 286; 0; 0; 0; 0; .000; 0; .000; 0; 0; 0; 0; 0; 6 
31; Ford, Joshua; 4; 2; 0; 0; 0; 0; 0; .000; 0; .000; 0; 0; 0; 0; 0; 0 
22; Mohammadi, Mohammad; 10; 3; 0; 0; 0; 0; 0; .000; 0; .000; 0; 0; 0; 0; 0; 0 
36; Peiffer, Anthony; 1; 0; 0; 0; 0; 0; 0; .000; 0; .000; 0; 0; 0; 0; 0; 0 
5; O'Leary, Ryan; 7; 4; 353; 0; 0; 0; 0; .000; 0; .000; 1; 0; 0; 0; 0; 6 
3A; Jock, Duach; 2; 1; 45; 0; 0; 0; 0; .000; 0; .000; 0; 0; 0; 0; 0; 0 
1; McLain, Patrick; 21; 14; 0; 0; 0; 0; 0; .000; 0; .000; 2; 0; 0; 0; 0; 0


Team: Orlando City

18; Molino, Kevin; 27; 26; 2353; 20; 9; 49; 81; .247; 0; .000; 0; 0; 0; 0; 0; 23 
8; Mbengue, Adama; 28; 24; 2004; 3; 4; 10; 73; .041; 0; .000; 0; 0; 0; 0; 0; 26 
11; Hertzog, Corey; 21; 13; 1162; 4; 1; 9; 40; .100; 0; .000; 1; 0; 0; 0; 0; 8 
17; Ceren, Darwin; 24; 22; 1997; 2; 3; 7; 37; .054; 0; .000; 6; 0; 0; 0; 0; 41 
15; Chin, Dennis; 27; 13; 1143; 6; 3; 15; 25; .240; 0; .000; 0; 0; 0; 0; 0; 9 
27; Span, Brian; 21; 15; 1292; 3; 0; 6; 25; .120; 0; .000; 1; 0; 0; 0; 0; 18 
13; da Luz, Austin; 21; 12; 1123; 5; 1; 11; 17; .294; 1; .059; 1; 0; 0; 0; 0; 7 
9; Gentile, Giuseppe; 12; 3; 387; 2; 1; 5; 14; .143; 0; .000; 1; 0; 0; 0; 0; 13 
14; Boden, Luke; 23; 23; 2055; 2; 5; 9; 9; .222; 0; .000; 5; 0; 0; 0; 0; 26 
10; Alvarez, Yordany; 13; 12; 1026; 1; 0; 2; 9; .111; 0; .000; 2; 0; 0; 0; 0; 17 
22; Valentino, Robert; 18; 18; 1447; 1; 0; 2; 9; .111; 0; .000; 1; 0; 0; 0; 0; 12 
16; Quinn, Aodhan; 27; 9; 841; 0; 0; 0; 9; .000; 0; .000; 2; 0; 0; 0; 0; 12 
3; Rusin, Brad; 25; 21; 1889; 2; 0; 4; 8; .250; 0; .000; 4; 0; 0; 0; 0; 17 
2; Turner, Tyler; 24; 21; 1875; 1; 2; 4; 6; .167; 0; .000; 6; 0; 0; 0; 0; 19 
5; Ramos, Rafael; 4; 4; 360; 1; 1; 3; 6; .167; 0; .000; 1; 0; 0; 0; 0; 1 
7; Burke, Bryan; 8; 6; 536; 0; 1; 1; 4; .000; 0; .000; 0; 0; 0; 0; 0; 2 
6; Pulis, Anthony; 17; 7; 693; 1; 0; 2; 3; .333; 0; .000; 2; 0; 0; 0; 0; 11 
4; Redding, Tommy; 17; 11; 1043; 0; 0; 0; 3; .000; 0; .000; 1; 0; 0; 0; 0; 3 
24; Lameira, Valdmiro; 5; 5; 450; 1; 0; 2; 3; .333; 0; .000; 1; 0; 0; 0; 0; 4 
20; Lopez, Miguel; 11; 1; 169; 0; 0; 0; 2; .000; 0; .000; 1; 0; 0; 0; 0; 6 
12; Heath, Harrison; 11; 4; 349; 0; 0; 0; 1; .000; 0; .000; 1; 0; 0; 0; 0; 4 
19; Jean Jacques, B; 20; 2; 141; 0; 0; 0; 0; .000; 0; .000; 0; 0; 0; 0; 0; 2 
21; Woszczynski, Carl; 24; 4; 90; 0; 0; 0; 0; .000; 0; .000; 0; 0; 0; 0; 0; 0 
29; Toby, Joseph; 1; 0; 0; 0; 0; 0; 0; .000; 0; .000; 0; 0; 0; 0; 0; 0 
26; Diaz, Rafael; 3; 0; 0; 0; 0; 0; 0; .000; 0; .000; 0; 0; 0; 0; 0; 0 
25; Christianson, Ian; 3; 2; 189; 0; 0; 0; 0; .000; 0; .000; 0; 0; 0; 0; 0; 4 
23; Clark, Justin; 20; 5; 624; 0; 1; 1; 0; .000; 0; .000; 1; 0; 0; 0; 0; 1 
1; Gallardo, Miguel; 28; 24; 0; 0; 0; 0; 0; .000; 0; .000; 1; 0; 0; 0; 0; 0 
28; O'Connor, James; 3; 1; 79; 0; 0; 0; 0; .000; 0; .000; 0; 0; 0; 0; 0; 3 


Team: Pittsburgh Riverhounds

18; Angulo, Jose; 23; 19; 1574; 8; 0; 16; 45; .178; 0; .000; 2; 0; 0; 0; 0; 19 
2; Vincent, Robert; 28; 26; 2288; 3; 1; 7; 34; .088; 0; .000; 5; 0; 0; 0; 0; 20 
10; Kerr, Kevin; 25; 23; 1963; 4; 0; 8; 21; .190; 0; .000; 3; 0; 0; 0; 0; 28 
16; Earls, Daniel; 27; 27; 2388; 1; 6; 8; 21; .048; 0; .000; 6; 0; 0; 0; 0; 33 
13; Ngwenya, Joseph; 20; 15; 1294; 1; 4; 6; 17; .059; 0; .000; 2; 0; 0; 0; 0; 12 
25; John, Collins; 13; 8; 776; 4; 1; 9; 17; .235; 0; .000; 2; 1; 0; 0; 0; 13 
8; Green, Michael; 28; 25; 2178; 4; 1; 9; 17; .235; 0; .000; 0; 0; 0; 0; 0; 14 
7; Johnson, Jason; 13; 8; 700; 1; 1; 3; 13; .077; 0; .000; 1; 0; 0; 0; 0; 13 
17; Arteaga, Jhonny; 16; 1; 253; 1; 0; 2; 9; .111; 0; .000; 0; 0; 0; 0; 0; 6 
20; Dallman, Matthew; 28; 25; 2030; 0; 7; 7; 8; .000; 0; .000; 3; 0; 0; 0; 0; 13 
15; Marshall, Andrew; 22; 19; 1664; 1; 1; 3; 8; .125; 0; .000; 7; 0; 0; 0; 0; 22 
9; Cabrilo, Miroslav; 15; 2; 242; 2; 0; 4; 8; .250; 0; .000; 0; 0; 0; 0; 0; 1 
5; Flunder, Sterling; 26; 25; 2180; 0; 0; 0; 7; .000; 0; .000; 1; 0; 0; 0; 0; 13 
3; Fekete, Brian; 23; 8; 611; 2; 0; 4; 7; .286; 0; .000; 0; 0; 0; 0; 0; 14 
14; C'deBaca, Seth; 21; 2; 454; 0; 0; 0; 7; .000; 0; .000; 0; 0; 0; 0; 0; 1 
6; Pridham, Mackenzie; 7; 0; 110; 1; 0; 2; 5; .200; 0; .000; 0; 0; 0; 0; 0; 1 
21; Arena, Anthony; 16; 15; 1384; 0; 0; 0; 4; .000; 0; .000; 4; 0; 0; 0; 0; 13 
23; Obodai, Anthony; 20; 14; 1137; 0; 0; 0; 2; .000; 0; .000; 4; 0; 0; 0; 0; 25 
22; Ownby, Brian; 5; 3; 307; 1; 0; 2; 2; .500; 0; .000; 1; 0; 0; 0; 0; 4 
12; Seth, Mike; 13; 1; 174; 0; 0; 0; 2; .000; 0; .000; 0; 0; 0; 0; 0; 7 
11; Motagalvan, Felix; 27; 9; 885; 1; 1; 3; 2; .500; 0; .000; 1; 0; 0; 0; 0; 7 
26; Ribeiro, Andrew; 7; 5; 462; 0; 0; 0; 1; .000; 0; .000; 0; 0; 0; 0; 0; 4 
27; Virgara, Anthony; 3; 0; 15; 0; 0; 0; 0; .000; 0; .000; 0; 0; 0; 0; 0; 0 
24; Hulings, Ryan; 3; 0; 0; 0; 0; 0; 0; .000; 0; .000; 0; 0; 0; 0; 0; 0 
30; Lisch, Michael; 24; 17; 0; 0; 0; 0; 0; .000; 0; .000; 0; 0; 0; 0; 0; 0 
36; Salazar, Bryan; 2; 0; 5; 0; 0; 0; 0; .000; 0; .000; 0; 0; 0; 0; 0; 0 
4; Katic, Nikola; 4; 0; 0; 0; 0; 0; 0; .000; 0; .000; 0; 0; 0; 0; 0; 0 
1; Gilstrap, Richard; 23; 9; 0; 0; 0; 0; 0; .000; 0; .000; 0; 0; 0; 0; 0; 0 
0; Blum, Gregory; 6; 2; 0; 0; 0; 0; 0; .000; 0; .000; 0; 0; 0; 0; 0; 0 


Team: Richmond Kickers

11; Davis, George; 28; 27; 2287; 11; 5; 27; 52; .212; 0; .000; 4; 0; 0; 0; 0; 27 
7; Delicate, Matthew; 23; 15; 1351; 14; 1; 29; 33; .424; 0; .000; 1; 0; 0; 0; 0; 18 
27; Spitz, Shay; 28; 19; 1440; 3; 6; 12; 24; .125; 0; .000; 3; 0; 0; 0; 0; 9 
17; Yeisley, Jason; 23; 18; 1429; 3; 3; 9; 21; .143; 0; .000; 0; 0; 0; 0; 0; 16 
4; Vercollone, Luke; 27; 23; 2070; 3; 2; 8; 14; .214; 0; .000; 5; 0; 0; 0; 0; 19 
29; Seaton, Michael; 8; 7; 521; 3; 0; 6; 11; .273; 0; .000; 2; 0; 0; 0; 0; 5 
15; Porter, Kyle; 6; 6; 539; 4; 1; 9; 11; .364; 0; .000; 0; 0; 0; 0; 0; 3 
28; Asante, Samuel; 26; 26; 2092; 1; 3; 5; 11; .091; 0; .000; 5; 0; 0; 0; 0; 34 
2; Yomby, William; 28; 27; 2410; 2; 0; 4; 9; .222; 0; .000; 2; 0; 0; 0; 0; 18 
23; Goerres, Sascha; 25; 21; 1828; 1; 2; 4; 9; .111; 0; .000; 0; 0; 0; 0; 0; 8 
14; Martin, Collin; 5; 5; 439; 0; 3; 3; 9; .000; 0; .000; 0; 0; 0; 0; 0; 8 
10; Robinson, Nathaniel; 14; 1; 339; 1; 0; 2; 7; .143; 0; .000; 0; 0; 0; 0; 0; 5 
21; Francois, Christiano; 17; 2; 358; 1; 2; 4; 5; .200; 0; .000; 0; 0; 0; 0; 0; 7 
9; Hanley, Tishan; 17; 0; 170; 0; 0; 0; 5; .000; 0; .000; 0; 0; 0; 0; 0; 2 
16; Arbelaez, Juan; 22; 4; 478; 0; 0; 0; 5; .000; 0; .000; 1; 0; 0; 0; 0; 6 
5; Callahan, Michael; 16; 11; 871; 0; 3; 3; 4; .000; 0; .000; 0; 0; 0; 0; 0; 18 
34; Jeffrey, Jared; 3; 3; 267; 1; 0; 2; 4; .250; 0; .000; 0; 0; 0; 0; 0; 4 
18; Lee, Alex; 22; 16; 1372; 1; 3; 5; 3; .333; 0; .000; 4; 0; 0; 0; 0; 12 
8; Roberts, Hugh; 21; 10; 1076; 1; 0; 2; 3; .333; 0; .000; 0; 0; 0; 0; 0; 7 
26; Shanosky, Conor; 17; 17; 1527; 1; 0; 2; 3; .333; 0; .000; 3; 1; 0; 0; 0; 17 
25; Kalungi, Henry; 15; 8; 731; 0; 1; 1; 1; .000; 0; .000; 1; 0; 0; 0; 0; 5 
00; Pulisic, William; 1; 0; 0; 0; 0; 0; 0; .000; 0; .000; 0; 0; 0; 0; 0; 0 
36; Basso, Stephen; 4; 2; 225; 0; 0; 0; 0; .000; 0; .000; 1; 0; 0; 0; 0; 1 
30; Hall, Matheau; 5; 3; 308; 0; 0; 0; 0; .000; 0; .000; 1; 0; 0; 0; 0; 2 
12; Caskey, Alex; 1; 1; 90; 0; 0; 0; 0; .000; 0; .000; 0; 0; 0; 0; 0; 3 
33; Kemp, Taylor; 5; 5; 450; 0; 3; 3; 0; .000; 0; .000; 0; 0; 0; 0; 0; 4 
20; Robinson, Jalen; 4; 0; 15; 0; 0; 0; 0; .000; 0; .000; 0; 0; 0; 0; 0; 0 
24; Birnbaum, Steven; 1; 1; 90; 0; 0; 0; 0; .000; 0; .000; 0; 0; 0; 0; 0; 2 
0; Romig, Andrew; 9; 0; 0; 0; 0; 0; 0; .000; 0; .000; 0; 0; 0; 0; 0; 0 
3; Johnson, Shane; 20; 2; 352; 0; 0; 0; 0; .000; 0; .000; 0; 0; 0; 0; 0; 2 
1; Taylor, Ryan; 26; 10; 0; 0; 0; 0; 0; .000; 0; .000; 0; 0; 0; 0; 0; 0

Team: Rochester Rhinos

10; Banks, Jimmy; 27; 19; 1775; 9; 3; 21; 34; .265; 0; .000; 1; 0; 0; 0; 0; 12 
3; Dixon, Hugh; 23; 16; 1341; 3; 2; 8; 32; .094; 0; .000; 1; 0; 0; 0; 0; 14 
23; Mendoza, Johnny; 26; 15; 1377; 1; 2; 4; 19; .053; 0; .000; 5; 0; 0; 0; 0; 12 
22; Rolfe, Colin; 26; 16; 1334; 2; 2; 6; 19; .105; 0; .000; 2; 0; 0; 0; 0; 33 
9; Vu, Minh; 24; 14; 1159; 2; 5; 9; 18; .111; 0; .000; 0; 0; 0; 0; 0; 6 
20; Walls, Tony; 27; 24; 2217; 1; 1; 3; 14; .071; 0; .000; 2; 0; 0; 0; 0; 35 
16; Houapeu, Aquilas; 22; 8; 773; 2; 1; 5; 13; .154; 0; .000; 1; 0; 0; 0; 0; 2 
8; Rosenlund, Tyler; 25; 21; 1926; 2; 2; 6; 10; .200; 0; .000; 1; 0; 0; 0; 0; 30 
5; Diallo, Babacar; 24; 17; 1541; 1; 1; 3; 9; .111; 0; .000; 2; 0; 0; 0; 0; 20 
19; Sundly, Alec; 26; 20; 1703; 2; 0; 4; 8; .250; 0; .000; 5; 0; 0; 0; 0; 31 
11; Smith, Donnie; 6; 3; 345; 0; 0; 0; 6; .000; 0; .000; 1; 0; 0; 0; 0; 3 
14; Petrone, Samuel; 12; 5; 412; 1; 0; 2; 5; .200; 0; .000; 0; 0; 0; 0; 0; 5 
12; Luzunaris, Matthew; 7; 0; 103; 0; 0; 0; 5; .000; 0; .000; 0; 0; 0; 0; 0; 0 
7; Obasi, Onua; 24; 19; 1669; 1; 0; 2; 5; .200; 0; .000; 4; 0; 0; 0; 0; 24 
4; Slogic, Patrick; 20; 9; 846; 0; 0; 0; 4; .000; 0; .000; 1; 0; 0; 0; 0; 12 
6; Hoffer, Kyle; 28; 24; 2119; 1; 0; 2; 4; .250; 0; .000; 2; 0; 0; 0; 0; 23 
15; McMahon, Patrick; 27; 23; 2044; 0; 0; 0; 4; .000; 0; .000; 1; 0; 0; 0; 0; 26 
17; Rozeboom, Lance; 28; 13; 1152; 0; 1; 1; 3; .000; 0; .000; 0; 0; 0; 0; 0; 19 
2; Sanchez, Jossimar; 13; 4; 274; 0; 0; 0; 2; .000; 0; .000; 0; 0; 0; 0; 0; 1 
13; Garzi, Mike; 22; 8; 873; 0; 0; 0; 1; .000; 0; .000; 1; 0; 0; 0; 0; 6 
39; Omanga, Pierre; 2; 0; 7; 0; 0; 0; 0; .000; 0; .000; 0; 0; 0; 0; 0; 0 
33; Miller, Brandon; 3; 0; 0; 0; 0; 0; 0; .000; 0; .000; 0; 0; 0; 0; 0; 0 
77; McCarthy, John; 26; 18; 90; 0; 0; 0; 0; .000; 0; .000; 0; 0; 0; 0; 0; 0 
44; Sossou, Ayao; 7; 2; 142; 0; 0; 0; 0; .000; 0; .000; 1; 0; 0; 0; 0; 2 
36; Soffner, Luis; 25; 10; 0; 0; 0; 0; 0; .000; 0; .000; 0; 0; 0; 0; 0; 0 

Team: Sacramento Republic

8; Lopez, Rodrigo; 26; 24; 2224; 10; 8; 28; 45; .222; 0; .000; 7; 0; 0; 0; 0; 16 
11; Alvarez, Max; 25; 18; 1377; 2; 7; 11; 44; .045; 0; .000; 5; 1; 0; 0; 0; 20 
10; Stewart, Thomas; 20; 11; 1111; 11; 3; 25; 41; .268; 0; .000; 1; 0; 0; 0; 0; 13 
17; Braun, Justin; 19; 16; 1297; 4; 1; 9; 34; .118; 0; .000; 0; 0; 0; 0; 0; 15 
14; Jahn, Adam; 17; 14; 1110; 6; 0; 12; 33; .182; 0; .000; 2; 0; 0; 0; 0; 12 
12; Vukovic, Nemanja; 27; 27; 2380; 1; 3; 5; 24; .042; 0; .000; 3; 0; 0; 0; 0; 18 
23; Klimenta, Emrah; 28; 23; 2156; 2; 0; 4; 23; .087; 0; .000; 2; 0; 1; 0; 0; 35 
5; Bartlome, Chad; 23; 10; 881; 1; 0; 2; 13; .077; 0; .000; 1; 1; 0; 0; 0; 13 
9; Collins, Dakota; 23; 4; 491; 2; 1; 5; 13; .154; 0; .000; 1; 0; 0; 0; 0; 2 
26; Gissie, Mawolo; 9; 2; 274; 0; 1; 1; 11; .000; 0; .000; 0; 0; 0; 0; 0; 13 
20; Martinez, Carlos; 19; 7; 587; 0; 0; 0; 10; .000; 0; .000; 1; 0; 0; 0; 0; 8 
19; Guzman, Octavio; 14; 8; 634; 1; 1; 3; 10; .100; 0; .000; 2; 0; 0; 0; 0; 8 
2; Fucito, Michael; 4; 3; 238; 2; 1; 5; 9; .222; 0; .000; 0; 0; 0; 0; 0; 6 
22; Delbridge, Harrison; 27; 13; 1202; 0; 1; 1; 9; .000; 0; .000; 2; 1; 0; 0; 0; 11 
21; Daly, Michael; 27; 26; 2309; 3; 1; 7; 9; .333; 0; .000; 5; 1; 0; 0; 0; 19 
24; Fochive, George; 12; 9; 834; 0; 0; 0; 7; .000; 0; .000; 5; 0; 0; 0; 0; 20 
3; Avesyan, Hakop; 22; 6; 663; 0; 1; 1; 5; .000; 0; .000; 1; 0; 0; 0; 0; 9 
32; Evans, Steven; 13; 5; 441; 1; 0; 2; 5; .200; 0; .000; 2; 0; 0; 0; 0; 1 
16; Thompson, Thomas; 6; 3; 300; 0; 0; 0; 4; .000; 0; .000; 0; 0; 0; 0; 0; 2 
19; Guzma, Octavio; 12; 8; 655; 1; 0; 2; 4; .250; 0; .000; 2; 0; 0; 0; 0; 14 
7; Souza, Gilberto; 17; 5; 506; 0; 0; 0; 2; .000; 0; .000; 1; 0; 0; 0; 0; 13 
18; Mirkovic, Ivan; 21; 21; 1794; 0; 0; 0; 2; .000; 0; .000; 9; 1; 0; 0; 0; 42 
29; Koval, Jeffrey; 2; 1; 116; 1; 0; 2; 2; .500; 0; .000; 0; 0; 0; 0; 0; 4 
30; Powell, Alvas; 3; 3; 241; 0; 0; 0; 1; .000; 0; .000; 1; 0; 0; 0; 0; 3 
40; Cazarez, Agustin; 3; 1; 90; 0; 0; 0; 1; .000; 0; .000; 0; 0; 0; 0; 0; 0 
28; Kiffe, James; 4; 3; 225; 0; 0; 0; 1; .000; 0; .000; 0; 0; 0; 0; 0; 3 
27; Long, Aaron; 4; 1; 99; 0; 0; 0; 1; .000; 0; .000; 0; 0; 0; 0; 0; 0 
43; Tandir, Ismar; 1; 1; 61; 0; 0; 0; 0; .000; 0; .000; 0; 0; 0; 0; 0; 1 
6; Lane, Jack; 1; 0; 0; 0; 0; 0; 0; .000; 0; .000; 0; 0; 0; 0; 0; 0 
15; Knutsen, William; 1; 0; 0; 0; 0; 0; 0; .000; 0; .000; 0; 0; 0; 0; 0; 0 
13; Gonzalez, Jose; 10; 4; 360; 0; 0; 0; 0; .000; 0; .000; 0; 0; 0; 0; 0; 2 
31; Gallego, Bryan; 2; 0; 0; 0; 0; 0; 0; .000; 0; .000; 0; 0; 0; 0; 0; 0 
25; Jakubek, Dominik; 28; 11; 0; 0; 0; 0; 0; .000; 0; .000; 0; 0; 0; 0; 0; 0 
4; Bond, Chad; 9; 2; 220; 0; 0; 0; 0; .000; 0; .000; 0; 0; 0; 0; 0; 2 
1; Gleeson, Jacob; 22; 17; 0; 0; 0; 0; 0; .000; 0; .000; 1; 0; 0; 0; 0; 0


Team: Wilmington Hammerheads

9; Ochoa, Samuel; 25; 19; 1723; 6; 5; 17; 39; .154; 1; .026; 5; 0; 0; 0; 0; 22 
10; Arnoux, Cody; 27; 12; 1022; 2; 1; 5; 25; .080; 0; .000; 1; 0; 0; 0; 0; 11 
11; Jane, Sunny; 17; 8; 821; 5; 3; 13; 24; .208; 0; .000; 0; 0; 0; 0; 0; 14 
21; Hamilton, Jordan; 13; 5; 453; 6; 3; 15; 19; .316; 1; .053; 2; 0; 1; 0; 0; 4 
14; Oliveria, Mickael; 11; 8; 707; 1; 3; 5; 17; .059; 0; .000; 3; 0; 0; 0; 0; 6 
12; Miller, Steven; 28; 19; 1613; 3; 3; 9; 15; .200; 0; .000; 0; 0; 0; 0; 0; 22 
8; Nicholson, Paul; 28; 25; 2249; 1; 0; 2; 13; .077; 0; .000; 3; 0; 0; 0; 0; 17 
16; Ruggles, Drew; 23; 13; 1079; 1; 1; 3; 11; .091; 1; .091; 5; 0; 0; 0; 0; 19 
19; Campbell, Andrae; 19; 14; 1244; 0; 0; 0; 11; .000; 0; .000; 1; 1; 0; 0; 0; 12 
2; Parratt, Tom; 25; 22; 1865; 2; 0; 4; 10; .200; 2; .200; 3; 0; 0; 0; 0; 31 
4; Fairclough, Ashani; 26; 24; 1966; 1; 1; 3; 8; .125; 0; .000; 2; 0; 0; 0; 0; 20 
7; Aparicio, Manny; 24; 10; 808; 1; 0; 2; 7; .143; 0; .000; 1; 0; 0; 0; 0; 15 
27; Bone, Corben; 9; 6; 681; 2; 0; 4; 7; .286; 0; .000; 0; 0; 0; 0; 0; 6 
13; Ackley, Brian; 23; 11; 1000; 0; 0; 0; 7; .000; 0; .000; 2; 0; 0; 0; 0; 22 
15; Lovitz, Daniel; 6; 6; 360; 1; 1; 3; 7; .143; 0; .000; 0; 0; 0; 0; 0; 3 
17; Heaney, William; 17; 3; 240; 2; 0; 4; 6; .333; 0; .000; 0; 0; 0; 0; 0; 1 
25; Godelman, Marc; 13; 3; 352; 0; 0; 0; 5; .000; 0; .000; 2; 0; 0; 0; 0; 5 
22; Kaye, Mark-Anthony; 6; 4; 430; 1; 1; 3; 4; .250; 0; .000; 0; 0; 0; 0; 0; 4 
5; Cole, Troy; 22; 15; 1328; 0; 0; 0; 3; .000; 0; .000; 3; 0; 0; 0; 0; 11 
50; Tomaselli, Ross; 8; 4; 493; 0; 0; 0; 2; .000; 0; .000; 1; 0; 0; 0; 0; 4 
6; Davidson, Christian; 28; 27; 2312; 0; 0; 0; 1; .000; 0; .000; 2; 0; 0; 0; 0; 7 
26; Hall, Jeremy; 3; 3; 270; 0; 0; 0; 1; .000; 0; .000; 2; 0; 0; 0; 0; 4 
3; Musa, Yahaya; 13; 12; 925; 0; 0; 0; 1; .000; 0; .000; 5; 1; 0; 0; 0; 17 
20; Watson, Jason; 10; 0; 15; 0; 0; 0; 1; .000; 0; .000; 0; 0; 0; 0; 0; 0 
28; Shannon, Eric; 2; 0; 0; 0; 0; 0; 0; .000; 0; .000; 0; 0; 0; 0; 0; 0 
18; Calderon, Michael; 2; 0; 46; 0; 0; 0; 0; .000; 0; .000; 0; 0; 0; 0; 0; 0 
40; Roberts, Quillan; 17; 17; 360; 0; 0; 0; 0; .000; 0; .000; 1; 1; 0; 0; 0; 0 
1; Glaeser, Matt; 21; 1; 0; 0; 0; 0; 0; .000; 0; .000; 1; 1; 0; 0; 0; 0 
24; Edward, Albert; 12; 5; 595; 0; 0; 0; 0; .000; 0; .000; 0; 0; 0; 0; 0; 3

