Competition: USL Pro
Season: 2015
BlockSource: http://www.uslsoccer.com/ViewContent.dbml?DB_OEM_ID=32800&CONTENT_ID=1213865&DB_OEM_ID=32800

* ##; Player; GP-GS; Min; G; A; Pts; Sh; Shot%; SOG; SOG%; YC-RC; GW; PK-Att; Foul 
Key: number; name; games_played; games_started; minutes; goals; assists; points; shots; _; shots_on_goal; _; yellow_cards; red_cards; _; pk_goals; pk_attempts; fouls

Team: Arizona United

29; Tan, Long; 27; 27; 2423; 14; 2; 30; 55; .255; 29; .527; 2; 0; 5; 2; 2; 26 
9; Top, Jonathan; 23; 20; 1725; 3; 3; 9; 40; .075; 10; .250; 8; 0; 0; 0; 1; 27 
10; Cuevas, Jose; 21; 16; 1372; 3; 2; 8; 29; .103; 10; .345; 1; 0; 0; 0; 1; 12 
17; Stisser, Brad; 16; 8; 838; 1; 2; 4; 25; .040; 13; .520; 0; 0; 0; 1; 1; 11 
23; Morrison, Scott; 27; 22; 1953; 2; 0; 4; 21; .095; 12; .571; 3; 0; 2; 0; 0; 20 
28; Dennis, Aaron; 7; 3; 357; 1; 0; 2; 12; .083; 7; .583; 0; 1; 0; 0; 0; 4 
8; Malki, George; 24; 11; 1120; 1; 0; 2; 12; .083; 3; .250; 5; 0; 0; 0; 0; 17 
15; Chin, Dennis; 20; 16; 1475; 3; 3; 9; 10; .300; 6; .600; 0; 0; 1; 0; 0; 16 
11; Garcia, Danny; 15; 12; 834; 0; 1; 1; 8; .000; 4; .500; 3; 0; 0; 0; 0; 15 
7; Derschang, Robbie; 16; 7; 501; 1; 0; 2; 6; .167; 2; .333; 0; 0; 1; 0; 0; 9 
22; Valentino, Rob; 15; 15; 1295; 0; 0; 0; 5; .000; 2; .400; 4; 0; 0; 0; 0; 10 
21; Blanco, Milton; 15; 12; 1026; 0; 1; 1; 5; .000; 0; .000; 3; 0; 0; 0; 0; 11 
2; Ruthven, Tyler; 23; 23; 2012; 1; 1; 3; 4; .250; 2; .500; 7; 0; 0; 0; 0; 23 
3; Rosales, Damian; 22; 19; 1650; 0; 2; 2; 4; .000; 1; .250; 1; 0; 0; 0; 0; 11 
16; Rideout, Jordan; 7; 1; 192; 0; 0; 0; 3; .000; 2; .667; 0; 0; 0; 0; 0; 1 
37; Filipovic, Romeo; 10; 9; 805; 0; 0; 0; 3; .000; 1; .333; 2; 0; 0; 0; 0; 14 
14; Shinsky, Alex; 6; 4; 345; 0; 0; 0; 3; .000; 1; .333; 2; 0; 0; 0; 0; 9 
18; Vickers, Cameron; 6; 0; 104; 0; 1; 1; 3; .000; 1; .333; 1; 0; 0; 0; 0; 5 
33; Zea, Eduar; 10; 7; 741; 0; 0; 0; 3; .000; 0; .000; 1; 0; 1; 0; 0; 7 
12; Dillon, Joey; 22; 18; 1607; 0; 0; 0; 2; .000; 2; 1.000; 5; 0; 0; 0; 0; 19 
21; Okafor, Jonathan; 4; 2; 177; 0; 0; 0; 2; .000; 1; .500; 1; 0; 0; 0; 0; 2 
11; Munoz, Victor; 3; 3; 234; 0; 1; 1; 2; .000; 1; .500; 0; 0; 0; 0; 0; 4 
22; Tshuma, Schillo; 6; 0; 139; 1; 0; 2; 2; .500; 1; .500; 0; 0; 0; 0; 0; 2 
6; Granger, Brock; 17; 10; 946; 0; 0; 0; 1; .000; 0; .000; 7; 0; 0; 0; 0; 18 
20; Earle, Otis; 6; 4; 427; 0; 2; 2; 0; .000; 0; .000; 0; 0; 0; 0; 0; 3 
4; Grousis, Devon; 1; 0; 17; 0; 0; 0; 0; .000; 0; .000; 0; 0; 0; 0; 0; 0 
19; Johnson, Spencer; 6; 5; 355; 0; 0; 0; 0; .000; 0; .000; 2; 0; 0; 0; 0; 6 
33; Chavez, Eduar; 2; 2; 180; 0; 0; 0; 0; .000; 0; .000; 0; 0; 0; 0; 0; 1 
5; Antunez, Daniel; 11; 3; 358; 0; 0; 0; 0; .000; 0; .000; 2; 0; 0; 0; 0; 9

Team: Austin Aztex

18; Tyrpak, Kris; 27; 27; 2155; 9; 2; 20; 60; .150; 30; .500; 3; 0; 6; 0; 0; 29 
21; Caesar, Trevin; 27; 15; 1476; 9; 0; 18; 59; .153; 19; .322; 3; 0; 1; 0; 0; 13 
20; Touray, Sainey; 23; 11; 1129; 3; 1; 7; 35; .086; 11; .314; 1; 0; 1; 0; 0; 13 
16; Rocha, Tony; 25; 19; 1836; 1; 3; 5; 30; .033; 6; .200; 6; 0; 0; 0; 0; 21 
8; Cuero, Andres; 22; 15; 1395; 1; 0; 2; 23; .043; 12; .522; 3; 0; 0; 0; 1; 22 
9; Gall, Romain; 12; 8; 700; 3; 2; 8; 20; .150; 10; .500; 1; 0; 1; 0; 0; 7 
17; King, Brendan; 23; 10; 848; 1; 0; 2; 15; .067; 5; .333; 1; 0; 0; 0; 0; 8 
77; Timbo, Fernando; 18; 18; 1384; 1; 0; 2; 15; .067; 2; .133; 2; 0; 0; 1; 1; 7 
23; Oliveira, Guaraci; 18; 16; 1290; 1; 1; 3; 14; .071; 3; .214; 5; 0; 0; 0; 0; 17 
10; Gyorio, Mozzi; 18; 12; 1015; 0; 3; 3; 13; .000; 2; .154; 0; 0; 0; 0; 0; 11 
12; Yates, Drew; 21; 14; 1118; 2; 2; 6; 10; .200; 3; .300; 1; 0; 0; 0; 0; 5 
14; Fekete, Brian; 12; 2; 416; 0; 0; 0; 5; .000; 2; .400; 1; 0; 0; 0; 0; 8 
25; Rozeboom, Lance; 28; 28; 2495; 0; 0; 0; 5; .000; 1; .200; 3; 0; 0; 0; 0; 19 
3; Ambrose, Mikey; 26; 25; 2236; 0; 0; 0; 5; .000; 1; .200; 4; 1; 0; 0; 0; 24 
4; Cruz, Leone; 12; 2; 390; 0; 0; 0; 4; .000; 3; .750; 0; 0; 0; 0; 0; 0 
19; Gunderson, Max; 27; 24; 2188; 0; 2; 2; 4; .000; 2; .500; 0; 0; 0; 0; 0; 8 
24; Ryden, Kalen; 9; 8; 810; 1; 0; 2; 4; .250; 1; .250; 1; 0; 0; 0; 0; 7 
2; Roushandel, Ryan; 14; 5; 456; 0; 0; 0; 4; .000; 0; .000; 1; 0; 0; 0; 0; 3 
15; Taylor, Bryce; 5; 0; 107; 0; 0; 0; 4; .000; 0; .000; 0; 0; 0; 0; 0; 0 
29; Bedell, Adam; 3; 2; 174; 0; 0; 0; 3; .000; 0; .000; 0; 0; 0; 0; 0; 2 
5; Golden, Travis; 7; 5; 419; 0; 0; 0; 1; .000; 0; .000; 2; 0; 0; 0; 0; 3 
11; Mulamba, Greg; 1; 1; 45; 0; 0; 0; 0; .000; 0; .000; 0; 0; 0; 0; 0; 1 
66; Laurendi, Cody; 13; 12; 1127; 0; 0; 0; 0; .000; 0; .000; 1; 0; 0; 0; 0; 1 
24; Campbell, Sergio; 2; 2; 180; 0; 0; 0; 0; .000; 0; .000; 0; 0; 0; 0; 0; 3 
6; Hoffer, Kyle; 11; 10; 900; 0; 1; 1; 0; .000; 0; .000; 3; 0; 0; 0; 0; 6 
1; Perales, Devin; 17; 16; 1393; 0; 0; 0; 0; .000; 0; .000; 0; 1; 0; 0; 0; 1 

Team: Charlotte Independence

19; Martinez, Enzo; 25; 16; 1484; 4; 7; 15; 51; .078; 21; .412; 4; 0; 2; 0; 0; 24 
9; Finley, Ryan; 23; 12; 1190; 8; 1; 17; 49; .163; 25; .510; 1; 1; 2; 2; 2; 3 
10; Herrera, Jorge; 18; 13; 1203; 4; 7; 15; 29; .138; 17; .586; 1; 0; 1; 3; 4; 14 
23; Martinez, Alex; 16; 15; 1307; 2; 2; 6; 28; .071; 10; .357; 5; 0; 0; 0; 0; 19 
57; Alvarez, Carlos; 22; 16; 1315; 2; 4; 8; 25; .080; 10; .400; 4; 0; 0; 1; 1; 20 
20; Zahorski, Tomasz; 17; 12; 846; 3; 1; 7; 19; .158; 9; .474; 1; 0; 1; 0; 0; 12 
8; Calvert, Caleb; 20; 2; 489; 2; 2; 6; 17; .118; 8; .471; 4; 1; 1; 0; 0; 6 
6; Ribeiro, Andrew; 28; 26; 2311; 0; 0; 0; 17; .000; 4; .235; 3; 0; 0; 0; 0; 20 
36; Del Piccolo, Paolo; 26; 25; 2140; 0; 2; 2; 16; .000; 6; .375; 8; 1; 0; 0; 0; 26 
16; Jackson, Daniel; 15; 10; 784; 4; 0; 8; 13; .308; 8; .615; 0; 0; 1; 0; 0; 9 
27; Badji, Dominique; 6; 5; 299; 2; 0; 4; 12; .167; 4; .333; 0; 1; 0; 0; 0; 4 
11; Thompson, Jack; 19; 10; 916; 2; 1; 5; 11; .182; 5; .455; 0; 0; 0; 0; 0; 10 
15; Duckett, Bilal; 26; 25; 2169; 1; 0; 2; 11; .091; 3; .273; 2; 0; 1; 0; 0; 12 
4; Slogic, Patrick; 25; 23; 2021; 3; 0; 6; 10; .300; 6; .600; 4; 0; 1; 0; 0; 13 
14; Cox, Raphael; 24; 14; 1148; 0; 0; 0; 7; .000; 4; .571; 3; 0; 0; 0; 0; 6 
22; Hairston, Marlon; 8; 6; 604; 1; 1; 3; 6; .167; 4; .667; 0; 0; 0; 0; 0; 2 
2; Jerome, Mechack; 17; 17; 1530; 0; 0; 0; 5; .000; 0; .000; 3; 0; 0; 0; 0; 6 
13; Newnam, Ben; 11; 11; 945; 0; 0; 0; 4; .000; 0; .000; 0; 0; 0; 0; 0; 8 
25; Kalungi, Henry; 14; 11; 940; 0; 0; 0; 2; .000; 1; .500; 0; 0; 0; 0; 0; 8 
30; Bustamante, Michael; 4; 0; 43; 0; 0; 0; 2; .000; 0; .000; 0; 0; 0; 0; 0; 1 
2; Eloundou, Charles; 3; 3; 228; 0; 0; 0; 2; .000; 0; .000; 0; 0; 0; 0; 0; 8 
7; Metcalf, Jack; 19; 6; 567; 0; 0; 0; 1; .000; 1; 1.000; 1; 0; 0; 0; 0; 1 
99; Haminu, Draman; 2; 0; 47; 0; 0; 0; 1; .000; 0; .000; 0; 0; 0; 0; 0; 0 
5; Fricke, Brandon; 1; 0; 1; 0; 0; 0; 0; .000; 0; .000; 0; 0; 0; 0; 0; 0 
22; Bales, Charlie; 1; 0; 0; 0; 0; 0; 0; .000; 0; .000; 0; 0; 0; 0; 0; 0 
18; Lampson, Matt; 7; 7; 630; 0; 1; 1; 0; .000; 0; .000; 0; 0; 0; 0; 0; 0 
21; Kansaye, Mamadou; 5; 0; 37; 0; 0; 0; 0; .000; 0; .000; 1; 0; 0; 0; 0; 1 
12; Berner, John; 17; 17; 1485; 0; 0; 0; 0; .000; 0; .000; 0; 0; 0; 0; 0; 1 
28; Cordoba, Francisco; 1; 0; 19; 0; 0; 0; 0; .000; 0; .000; 0; 0; 0; 0; 0; 2 

Team: Colorado Springs Switchbacks

10; Gonzalez, Miguel; 26; 22; 1869; 10; 7; 27; 57; .175; 26; .456; 4; 0; 3; 0; 0; 7 
4; Vercollone, Luke; 26; 26; 2310; 14; 9; 37; 47; .298; 28; .596; 4; 0; 3; 8; 8; 14 
18; King, Aaron; 26; 21; 1601; 7; 2; 16; 42; .167; 23; .548; 1; 0; 2; 1; 1; 11 
12; Seth, Mike; 26; 24; 1930; 3; 2; 8; 33; .091; 18; .545; 3; 0; 1; 0; 0; 10 
11; Robinson, Saeed; 22; 7; 891; 3; 1; 7; 23; .130; 9; .391; 2; 0; 2; 0; 0; 6 
16; Eloundou, Charles; 4; 4; 276; 2; 1; 5; 20; .100; 9; .450; 1; 0; 0; 0; 0; 5 
21; Harada, Shintaro; 26; 25; 2081; 2; 2; 6; 20; .100; 7; .350; 7; 1; 1; 0; 0; 16 
25; Burt, Jordan; 25; 19; 1742; 0; 2; 2; 16; .000; 5; .312; 4; 1; 0; 0; 0; 5 
9; Maybin, Martin; 21; 4; 537; 3; 1; 7; 15; .200; 7; .467; 2; 0; 0; 0; 0; 8 
15; Hoffman, Chandler; 10; 7; 657; 4; 1; 9; 15; .267; 5; .333; 1; 0; 0; 1; 1; 1 
2; Phillips, Josh; 24; 23; 2015; 1; 0; 2; 13; .077; 5; .385; 4; 1; 0; 0; 0; 9 
34; Greer, JJ; 26; 24; 2209; 1; 0; 2; 12; .083; 5; .417; 1; 0; 0; 0; 0; 10 
8; Argueta, Rony; 24; 16; 1596; 2; 0; 4; 10; .200; 4; .400; 5; 0; 2; 0; 0; 22 
7; Robinson, Nate; 20; 5; 676; 0; 0; 0; 9; .000; 3; .333; 2; 0; 0; 0; 0; 12 
6; Armstrong, Davy; 23; 5; 561; 0; 2; 2; 9; .000; 1; .111; 2; 1; 0; 0; 0; 8 
22; Hunter, Taylor; 14; 14; 1205; 1; 0; 2; 3; .333; 1; .333; 1; 0; 0; 0; 0; 3 
13; Durr, Kevin; 11; 2; 153; 0; 0; 0; 3; .000; 1; .333; 0; 0; 0; 0; 0; 0 
30; Bejarano, Kleyner; 18; 18; 1550; 0; 0; 0; 2; .000; 2; 1.000; 5; 0; 0; 0; 0; 5 
5; McGuinness, Jamie; 6; 3; 295; 0; 0; 0; 2; .000; 1; .500; 0; 0; 0; 0; 0; 1 
3; Christian, Chris; 5; 5; 425; 0; 0; 0; 2; .000; 0; .000; 1; 0; 0; 0; 0; 4 
17; Smith, Kareem; 9; 6; 536; 0; 0; 0; 0; .000; 0; .000; 0; 0; 0; 0; 0; 6 
14; Contreras, Carlos; 2; 0; 0; 0; 0; 0; 0; .000; 0; .000; 0; 0; 0; 0; 0; 2 
1; Gorrick, Devala; 21; 21; 1890; 0; 0; 0; 0; .000; 0; .000; 2; 0; 0; 0; 0; 1 
23; Badr, Samir; 7; 7; 630; 0; 0; 0; 0; .000; 0; .000; 2; 0; 0; 0; 0; 1

Team: Charleston Battery

9; Kelly, Dane; 26; 22; 1886; 11; 2; 24; 96; .115; 38; .396; 4; 1; 4; 0; 0; 23 
16; Cordoves, Heviel; 19; 8; 725; 5; 1; 11; 32; .156; 17; .531; 1; 0; 2; 0; 0; 14 
12; Chang, Maikel; 26; 23; 2026; 3; 6; 12; 25; .120; 10; .400; 5; 0; 1; 0; 1; 20 
17; Garbanzo, Ricky; 27; 20; 1681; 5; 5; 15; 22; .227; 12; .545; 5; 0; 0; 0; 0; 21 
24; Prince, Zach; 24; 17; 1492; 4; 1; 9; 22; .182; 11; .500; 10; 0; 0; 0; 0; 26 
10; Boyd, Navion; 21; 11; 948; 1; 2; 4; 21; .048; 7; .333; 3; 0; 0; 0; 0; 22 
20; Portillo, Justin; 27; 22; 2006; 6; 2; 14; 17; .353; 13; .765; 3; 0; 3; 4; 5; 13 
11; Griffith, Quinton; 14; 12; 1058; 0; 2; 2; 17; .000; 5; .294; 1; 1; 0; 0; 0; 4 
18; Rodriguez, Memo; 17; 6; 637; 1; 1; 3; 13; .077; 2; .154; 0; 0; 0; 0; 0; 9 
6; Ferguson, Shawn; 27; 27; 2385; 2; 1; 5; 12; .167; 7; .583; 5; 0; 0; 0; 0; 15 
4; Mueller, Taylor; 28; 25; 2265; 2; 2; 6; 11; .182; 4; .364; 2; 0; 2; 0; 0; 17 
14; van Schaik, Jarad; 26; 26; 2261; 1; 3; 5; 7; .143; 3; .429; 7; 0; 0; 0; 0; 14 
19; Marini, Dante; 21; 4; 565; 1; 0; 2; 6; .167; 3; .500; 1; 0; 0; 0; 0; 0 
3; Lasso, Forrest; 11; 4; 413; 0; 0; 0; 6; .000; 3; .500; 0; 0; 0; 0; 0; 3 
7; Woodbine, O'Brian; 17; 16; 1436; 0; 0; 0; 6; .000; 2; .333; 4; 0; 0; 0; 0; 15 
8; Thuriere, Sebastian; 20; 8; 792; 0; 0; 0; 5; .000; 1; .200; 0; 0; 0; 0; 0; 11 
15; Adjetey, Emmanuel; 26; 25; 2187; 0; 0; 0; 5; .000; 0; .000; 1; 0; 0; 0; 0; 9 
26; Savage, Austin; 9; 1; 196; 0; 0; 0; 1; .000; 0; .000; 0; 0; 0; 0; 0; 3 
2; Cochran, AJ; 2; 2; 161; 0; 0; 0; 1; .000; 0; .000; 0; 0; 0; 0; 0; 3 
23; Cooper, Odisnel; 19; 19; 1710; 0; 0; 0; 0; .000; 0; .000; 1; 0; 0; 0; 0; 0 

Team: FC Montreal

49; Riggi, Alessandro; 26; 20; 1668; 9; 2; 20; 45; .200; 22; .489; 4; 0; 3; 0; 0; 12 
67; Gravelle, Frederic; 26; 16; 1454; 3; 4; 10; 33; .091; 13; .394; 1; 0; 0; 0; 0; 7 
47; Haman, Jacques; 9; 6; 531; 3; 0; 6; 25; .120; 8; .320; 3; 0; 1; 0; 0; 9 
72; Morelli, Fabio; 26; 18; 1598; 2; 0; 4; 25; .080; 8; .320; 1; 1; 1; 0; 0; 20 
45; Ndiaye, Victor; 19; 9; 977; 2; 4; 8; 14; .143; 7; .500; 4; 0; 0; 0; 0; 14 
43; Messoudi, Zakaria; 22; 14; 1181; 2; 3; 7; 13; .154; 4; .308; 2; 0; 1; 0; 0; 23 
63; Joly, Charles; 11; 4; 455; 3; 1; 7; 11; .273; 8; .727; 1; 1; 1; 0; 0; 5 
62; Belguendouz, Nazim; 12; 7; 576; 0; 0; 0; 11; .000; 3; .273; 2; 1; 0; 0; 0; 7 
58; Beland-Goyette, L.; 15; 12; 1023; 2; 1; 5; 10; .200; 5; .500; 4; 0; 1; 0; 0; 13 
24; Jackson, Anthony; 4; 3; 280; 2; 0; 4; 9; .222; 6; .667; 1; 0; 0; 0; 0; 5 
73; Sukunda, Zachary; 24; 22; 1939; 0; 1; 1; 9; .000; 3; .333; 1; 0; 0; 0; 0; 9 
28; Gagnon, Jeremy; 16; 16; 1300; 1; 0; 2; 8; .125; 3; .375; 4; 0; 0; 1; 1; 15 
50; Dominguez-Ramirez, M; 21; 17; 1496; 1; 1; 3; 8; .125; 3; .375; 4; 0; 0; 0; 0; 28 
17; Williams, Romario; 7; 7; 515; 0; 1; 1; 6; .000; 1; .167; 0; 0; 0; 0; 0; 3 
60; Bringolf, Mitchel; 17; 13; 1325; 0; 0; 0; 5; .000; 2; .400; 3; 1; 0; 0; 0; 7 
74; Temguia, Mele; 19; 16; 1494; 0; 0; 0; 4; .000; 1; .250; 5; 0; 0; 0; 0; 19 
66; Charbonneau, Janouk; 26; 20; 1893; 0; 1; 1; 4; .000; 1; .250; 2; 0; 0; 0; 0; 9 
61; Zoue, Franck; 6; 5; 415; 0; 0; 0; 4; .000; 0; .000; 1; 1; 0; 0; 0; 5 
46; Lincourt-Joseph, P.; 14; 4; 426; 0; 0; 0; 3; .000; 1; .333; 0; 0; 0; 0; 0; 2 
53; Kacher, Mastanabal; 14; 6; 573; 0; 0; 0; 3; .000; 0; .000; 2; 0; 0; 0; 0; 7 
13; Cooper, Kenny; 1; 1; 45; 0; 0; 0; 2; .000; 2; 1.000; 0; 0; 0; 0; 0; 0 
52; Grant, Jonathan; 10; 9; 837; 0; 0; 0; 2; .000; 1; .500; 0; 0; 0; 0; 0; 2 
59; Houache, Emad; 5; 1; 180; 0; 0; 0; 2; .000; 1; .500; 1; 1; 0; 0; 0; 3 
69; Geffrard, Jems; 6; 5; 409; 0; 0; 0; 2; .000; 0; .000; 1; 0; 0; 0; 0; 5 
57; Ait-Slimane, Yacine; 11; 3; 328; 1; 0; 2; 1; 1.000; 1; 1.000; 0; 0; 0; 0; 0; 1 
61; Duffek, Samuel; 2; 0; 32; 0; 0; 0; 1; .000; 1; 1.000; 1; 0; 0; 0; 0; 0 
54; Dinkota, John; 11; 7; 608; 0; 0; 0; 1; .000; 1; 1.000; 3; 0; 0; 0; 0; 9 
41; Fillion, Yann-Alex; 6; 6; 547; 0; 0; 0; 1; .000; 0; .000; 1; 0; 0; 0; 0; 0 
68; Hocine, Chakib-Nazim; 9; 8; 674; 0; 0; 0; 1; .000; 0; .000; 3; 0; 0; 0; 0; 11 
18; Bekker, Kyle; 1; 1; 90; 0; 0; 0; 1; .000; 0; .000; 0; 0; 0; 0; 0; 0 
42; Yoseke, Nevello; 3; 0; 40; 0; 0; 0; 1; .000; 0; .000; 0; 0; 0; 0; 0; 0 
55; Lefevre, Wandrille; 2; 2; 102; 0; 0; 0; 1; .000; 0; .000; 0; 0; 0; 0; 0; 2 
42; Vallee, Jonathan; 5; 2; 195; 0; 0; 0; 1; .000; 0; .000; 1; 0; 0; 0; 0; 3 
79; Mbvouvouma, Fabrice; 3; 1; 97; 0; 0; 0; 0; .000; 0; .000; 0; 0; 0; 0; 0; 0 
40; Crepeau, Maxime; 12; 11; 990; 0; 0; 0; 0; .000; 0; .000; 1; 0; 0; 0; 0; 0 
3; Miller, Eric; 2; 1; 45; 0; 0; 0; 0; .000; 0; .000; 0; 0; 0; 0; 0; 0 
29; Alexander, Eric; 1; 1; 90; 0; 0; 0; 0; .000; 0; .000; 1; 0; 0; 0; 0; 2 
22; Kronberg, Eric; 2; 2; 186; 0; 0; 0; 0; .000; 0; .000; 0; 0; 0; 0; 0; 1 
59; Mkungilwa, Aron; 1; 1; 90; 0; 0; 0; 0; .000; 0; .000; 1; 0; 0; 0; 0; 0 
70; Paulmin, David; 10; 9; 810; 0; 0; 0; 0; .000; 0; .000; 1; 0; 0; 0; 0; 1 
48; Luarca, Kevin; 1; 0; 18; 0; 0; 0; 0; .000; 0; .000; 0; 0; 0; 0; 0; 0 
6; Camara, Hassoun; 3; 2; 168; 0; 0; 0; 0; .000; 0; .000; 0; 0; 0; 0; 0; 2

Team: Harrisburg City Islanders

22; Foster, Craig; 14; 13; 1007; 8; 2; 18; 36; .222; 23; .639; 0; 0; 2; 0; 0; 11 
11; Valles, Enric; 23; 22; 1855; 2; 6; 10; 34; .059; 12; .353; 2; 0; 1; 1; 1; 21 
10; Plumhoff, Jason; 22; 20; 1718; 10; 6; 26; 28; .357; 17; .607; 1; 1; 2; 1; 1; 10 
19; Benbow, Cardel; 19; 11; 936; 2; 2; 6; 27; .074; 11; .407; 0; 0; 1; 0; 0; 8 
7; Ekra, Yann; 25; 25; 2085; 2; 3; 7; 24; .083; 10; .417; 8; 1; 0; 0; 0; 53 
12; Jankouskas, Brett; 23; 7; 771; 5; 1; 11; 23; .217; 10; .435; 1; 0; 0; 1; 1; 16 
8; Barril, Jose; 27; 27; 2194; 3; 7; 13; 21; .143; 8; .381; 7; 1; 0; 0; 0; 25 
18; McLaughlin, Jimmy; 11; 7; 626; 1; 1; 3; 20; .050; 10; .500; 1; 0; 0; 1; 2; 4 
6; Tribbett, Ken; 28; 28; 2520; 3; 0; 6; 16; .188; 8; .500; 4; 0; 1; 0; 0; 22 
23; Hoppenot, Antoine; 9; 3; 522; 3; 0; 6; 11; .273; 8; .727; 1; 0; 1; 0; 0; 3 
9; Pettis, Garret; 24; 4; 588; 2; 1; 5; 8; .250; 8; 1.000; 1; 0; 0; 1; 1; 11 
14; DiPrima, Danny; 15; 9; 881; 1; 0; 2; 8; .125; 3; .375; 0; 0; 0; 0; 0; 3 
63; Leverock, Dante; 22; 20; 1715; 3; 1; 7; 7; .429; 4; .571; 7; 1; 1; 0; 0; 14 
77; Lubahn, Andrew; 9; 7; 628; 1; 3; 5; 7; .143; 4; .571; 1; 0; 0; 0; 0; 9 
5; Johnson, Shane; 22; 17; 1610; 0; 0; 0; 6; .000; 2; .333; 2; 0; 0; 0; 0; 6 
16; Pfeffer, Zach; 4; 3; 277; 1; 0; 2; 4; .250; 1; .250; 0; 0; 0; 0; 0; 3 
22; Ayuk, Eric; 1; 1; 90; 1; 0; 2; 3; .333; 2; .667; 0; 0; 0; 0; 0; 0 
20; Shaffer, Neil; 27; 27; 2415; 0; 2; 2; 2; .000; 2; 1.000; 4; 1; 0; 0; 0; 16 
21; Cruz, Erick; 26; 19; 1676; 0; 0; 0; 2; .000; 1; .500; 3; 0; 0; 0; 0; 30 
17; Catic, Dzenan; 7; 3; 306; 0; 0; 0; 2; .000; 1; .500; 0; 0; 0; 0; 0; 3 
32; Dyer, Shaquille; 9; 1; 180; 0; 0; 0; 1; .000; 0; .000; 1; 0; 0; 0; 0; 7 
27; Renfro, Kyle; 4; 0; 45; 0; 0; 0; 0; .000; 0; .000; 0; 0; 0; 0; 0; 0 
4; McCord, Kyle; 6; 0; 47; 0; 0; 0; 0; .000; 0; .000; 0; 0; 0; 0; 0; 0 
15; Donatelli, Tony; 3; 3; 270; 0; 0; 0; 0; .000; 0; .000; 0; 0; 0; 0; 0; 2 
16; Bird, Eric; 3; 1; 68; 0; 0; 0; 0; .000; 0; .000; 1; 0; 0; 0; 0; 1 
2; Nugent, Ciaron; 3; 0; 15; 0; 0; 0; 0; .000; 0; .000; 0; 0; 0; 0; 0; 1 
23; Lee, Raymond; 1; 0; 0; 0; 0; 0; 0; .000; 0; .000; 0; 0; 0; 0; 0; 0 
1; Noble, Nick; 28; 28; 2475; 0; 0; 0; 0; .000; 0; .000; 3; 0; 0; 0; 0; 1 
2; Marquez, Richie; 1; 0; 25; 0; 0; 0; 0; .000; 0; .000; 0; 0; 0; 0; 0; 0

Team: LA Galaxy II

46; Lassiter, Ariel; 21; 15; 1439; 11; 1; 23; 62; .177; 33; .532; 1; 1; 3; 2; 2; 8 
32; McBean, Jack; 26; 21; 1946; 6; 5; 17; 61; .098; 29; .475; 5; 0; 3; 0; 0; 23 
63; Auras, Andre; 23; 23; 1894; 3; 4; 10; 35; .086; 15; .429; 9; 0; 0; 0; 0; 39 
50; Bowen, Travis; 18; 14; 1118; 4; 0; 8; 32; .125; 16; .500; 3; 0; 1; 0; 0; 16 
57; Covarrubias, Ale.; 28; 22; 2040; 0; 2; 2; 27; .000; 9; .333; 4; 0; 0; 0; 0; 28 
65; Villarreal, Jaime; 23; 14; 1228; 1; 1; 3; 18; .056; 7; .389; 3; 0; 1; 0; 1; 12 
58; Bailey, Kainoa; 18; 6; 592; 1; 2; 4; 17; .059; 10; .588; 1; 0; 1; 0; 0; 9 
40; Mendiola, Raul; 19; 16; 1424; 4; 8; 16; 15; .267; 9; .600; 2; 0; 2; 0; 0; 10 
44; Steres, Daniel; 25; 24; 2109; 2; 0; 4; 14; .143; 4; .286; 6; 1; 0; 0; 0; 17 
47; Olivera, Bryan; 6; 5; 405; 1; 1; 3; 11; .091; 5; .455; 2; 0; 0; 0; 0; 2 
53; Diallo, Bradley; 20; 16; 1526; 2; 0; 4; 9; .222; 3; .333; 5; 0; 1; 0; 0; 36 
38; Jamieson IV, Brad; 7; 6; 403; 3; 0; 6; 8; .375; 7; .875; 1; 0; 1; 0; 0; 5 
15; Maganto, Ignacio; 5; 4; 345; 0; 0; 0; 8; .000; 5; .625; 1; 0; 0; 0; 0; 5 
73; Amaya, Adonis; 13; 4; 434; 0; 1; 1; 4; .000; 2; .500; 1; 0; 0; 0; 0; 11 
5; Villarreal, Jose; 3; 2; 135; 0; 2; 2; 4; .000; 1; .250; 1; 0; 0; 0; 0; 4 
17; Lletget, Sebastian; 1; 1; 62; 0; 0; 0; 3; .000; 2; .667; 0; 0; 0; 0; 0; 1 
67; Romney, Dave; 17; 15; 1351; 1; 1; 3; 3; .333; 2; .667; 1; 0; 0; 0; 0; 1 
49; Vera, Adrian; 8; 1; 188; 0; 0; 0; 3; .000; 1; .333; 2; 1; 0; 0; 0; 6 
55; Bli, Jason; 7; 4; 322; 0; 0; 0; 3; .000; 0; .000; 3; 0; 0; 0; 0; 6 
25; Garcia, Rafael; 5; 4; 405; 0; 0; 0; 2; .000; 2; 1.000; 1; 0; 0; 0; 0; 3 
6; Husidic, Baggio; 1; 1; 61; 0; 0; 0; 2; .000; 1; .500; 0; 0; 0; 0; 0; 1 
48; Fujii, Ryo; 12; 3; 349; 0; 1; 1; 2; .000; 0; .000; 1; 0; 0; 0; 0; 2 
36; Sorto, Oscar; 16; 13; 1178; 0; 0; 0; 2; .000; 0; .000; 1; 0; 0; 0; 0; 11 
34; Walker, Kenney; 5; 4; 344; 0; 0; 0; 1; .000; 1; 1.000; 1; 0; 0; 0; 0; 5 
20; DeLaGarza, A.J.; 1; 1; 90; 0; 0; 0; 1; .000; 0; .000; 0; 0; 0; 0; 0; 0 
59; Martin, Elijah; 8; 3; 346; 0; 0; 0; 1; .000; 0; .000; 1; 0; 0; 0; 0; 2 
66; Franco, Joe; 26; 23; 2098; 0; 1; 1; 1; .000; 0; .000; 1; 0; 0; 0; 0; 15 
21; Meyer, Tommy; 5; 5; 405; 0; 0; 0; 0; .000; 0; .000; 0; 0; 0; 0; 0; 3 
16; Buddle, Edson; 2; 0; 59; 0; 0; 0; 0; .000; 0; .000; 0; 0; 0; 0; 0; 2 
72; Nishanian, Lee; 10; 6; 473; 0; 1; 1; 0; .000; 0; .000; 1; 0; 0; 0; 0; 7 
14; Robbie Rogers; 1; 1; 60; 0; 0; 0; 0; .000; 0; .000; 0; 0; 0; 0; 0; 1 
2; Dunivant, Todd; 1; 1; 63; 0; 0; 0; 0; .000; 0; .000; 0; 0; 0; 0; 0; 0 
43; Jones, Malcolm; 1; 1; 90; 0; 0; 0; 0; .000; 0; .000; 0; 0; 0; 0; 0; 2 
51; Arellano, Hugo; 1; 0; 6; 0; 0; 0; 0; .000; 0; .000; 0; 0; 0; 0; 0; 0 
51; Zubak, Ethan; 2; 1; 61; 0; 0; 0; 0; .000; 0; .000; 0; 0; 0; 0; 0; 2 
55; Ortiz, Rey; 2; 0; 38; 0; 1; 1; 0; .000; 0; .000; 0; 0; 0; 0; 0; 0 
60; Onalfo, Christian; 2; 0; 0; 0; 0; 0; 0; .000; 0; .000; 0; 0; 0; 0; 0; 0 
31; Wolverton, Andrew; 1; 1; 90; 0; 0; 0; 0; .000; 0; .000; 1; 0; 0; 0; 0; 0 
41; Diop, Clement; 24; 24; 2160; 0; 0; 0; 0; .000; 0; .000; 1; 0; 0; 0; 0; 1 
54; Sneddon, Bennett; 1; 0; 0; 0; 0; 0; 0; .000; 0; .000; 0; 0; 0; 0; 0; 0 

Team: Louisville City FC

9; Fondy, Matt; 28; 28; 2331; 22; 7; 51; 105; .210; 52; .495; 1; 0; 6; 1; 2; 26 
7; Dacres, Kadeem; 25; 22; 1704; 6; 2; 14; 52; .115; 25; .481; 2; 0; 1; 0; 0; 35 
10; Rasmussen, Magnus; 25; 22; 1806; 8; 4; 20; 36; .222; 15; .417; 2; 0; 4; 2; 3; 15 
11; McCabe, Niall; 27; 17; 1612; 4; 1; 9; 34; .118; 16; .471; 1; 0; 0; 0; 0; 6 
4; Quinn, Aodhan; 21; 21; 1833; 2; 1; 5; 31; .065; 13; .419; 6; 0; 0; 0; 0; 20 
94; Adams, Charlie; 20; 15; 1213; 2; 2; 6; 30; .067; 8; .267; 0; 1; 0; 0; 0; 7 
14; Ilic, Ilija; 19; 3; 598; 1; 1; 3; 17; .059; 8; .471; 0; 0; 0; 0; 0; 5 
8; Guzman, Juan; 26; 25; 2140; 1; 1; 3; 15; .067; 3; .200; 6; 0; 0; 0; 0; 21 
5; Shanosky, Conor; 26; 24; 2134; 3; 0; 6; 11; .273; 6; .545; 2; 0; 1; 0; 0; 10 
16; Polak, Nate; 24; 6; 725; 1; 0; 2; 11; .091; 2; .182; 1; 0; 0; 0; 0; 6 
20; Montano, Enrique; 23; 20; 1841; 0; 6; 6; 9; .000; 2; .222; 4; 0; 0; 0; 0; 22 
2; Burke, Bryan; 28; 27; 2410; 1; 10; 12; 9; .111; 1; .111; 3; 0; 1; 0; 0; 18 
6; Morad, Tarek; 26; 26; 2345; 2; 0; 4; 6; .333; 3; .500; 4; 0; 1; 0; 0; 21 
23; Rivera, Sidney; 8; 1; 205; 0; 0; 0; 6; .000; 2; .333; 2; 0; 0; 0; 0; 6 
19; Abend, Guy; 9; 5; 432; 0; 1; 1; 3; .000; 1; .333; 0; 0; 0; 0; 0; 3 
22; Fernandez, Collin; 4; 1; 130; 0; 0; 0; 2; .000; 1; .500; 1; 0; 0; 0; 0; 1 
17; King, Austen; 9; 2; 334; 1; 0; 2; 2; .500; 1; .500; 1; 0; 0; 0; 0; 1 
15; Reynolds, Sean; 16; 6; 625; 0; 0; 0; 2; .000; 0; .000; 0; 0; 0; 0; 0; 2 
3; West, Adam; 10; 7; 600; 0; 0; 0; 1; .000; 0; .000; 1; 0; 0; 0; 0; 8 
26; Cossette, Kevin; 3; 1; 116; 0; 0; 0; 1; .000; 0; .000; 1; 0; 0; 0; 0; 1 
18; Lancaster, Cameron; 1; 0; 28; 0; 0; 0; 0; .000; 0; .000; 0; 0; 0; 0; 0; 1 
1; Goodwin, Scott; 27; 27; 2430; 0; 0; 0; 0; .000; 0; .000; 1; 0; 0; 0; 0; 0 
13; Ranjitsingh,Greg; 2; 1; 90; 0; 0; 0; 0; .000; 0; .000; 0; 0; 0; 0; 0; 0

Team: NY Red Bulls II

45; Tsonis, Chris; 26; 16; 1414; 5; 3; 13; 43; .116; 17; .395; 3; 0; 1; 0; 1; 38 
17; Sanchez, Manolo; 22; 21; 1611; 4; 1; 9; 40; .100; 12; .300; 0; 0; 1; 0; 1; 15 
21; Obekop, Marius; 20; 17; 1231; 6; 3; 15; 33; .182; 18; .545; 0; 0; 0; 1; 1; 16 
19; Stolz, Leo; 22; 22; 1881; 4; 2; 10; 27; .148; 12; .444; 4; 1; 1; 0; 0; 19 
36; Etienne, Derrick; 14; 10; 969; 3; 3; 9; 24; .125; 10; .417; 2; 0; 1; 0; 0; 8 
88; Bedoya, Dan; 25; 13; 1301; 3; 4; 10; 19; .158; 9; .474; 3; 0; 1; 0; 1; 9 
9; Abang, Anatole; 6; 6; 447; 4; 0; 8; 15; .267; 7; .467; 1; 0; 0; 0; 0; 14 
77; Castellanos, Frank; 16; 4; 537; 3; 0; 6; 12; .250; 5; .417; 0; 0; 1; 0; 0; 7 
29; Bonomo, Stefano; 9; 5; 540; 3; 2; 8; 11; .273; 7; .636; 0; 0; 1; 0; 0; 3 
37; Sanchez, Juan; 12; 4; 466; 1; 0; 2; 9; .111; 8; .889; 0; 0; 0; 0; 0; 5 
3; McLaws, Shawn; 21; 21; 1837; 1; 1; 3; 9; .111; 5; .556; 1; 0; 1; 0; 0; 10 
44; Da Fonte, Mike; 25; 23; 2003; 0; 0; 0; 9; .000; 2; .222; 6; 0; 0; 0; 0; 28 
30; Metzger, Dan; 12; 11; 1036; 0; 1; 1; 9; .000; 1; .111; 1; 0; 0; 0; 0; 12 
80; Williams, Devon; 10; 10; 886; 1; 3; 5; 8; .125; 2; .250; 1; 0; 0; 0; 0; 9 
93; Akinyode, Bolu; 21; 10; 1135; 1; 1; 3; 7; .143; 4; .571; 1; 0; 1; 0; 0; 25 
41; Plewa, Konrad; 24; 19; 1663; 3; 1; 7; 7; .429; 3; .429; 4; 1; 2; 0; 0; 10 
35; Jean-Baptiste, Andre; 10; 9; 799; 1; 0; 2; 5; .200; 2; .400; 5; 0; 0; 0; 0; 11 
27; Davis, Sean; 5; 5; 359; 0; 2; 2; 4; .000; 2; .500; 0; 0; 0; 0; 0; 5 
56; Clay, Alex; 7; 1; 193; 0; 0; 0; 4; .000; 1; .250; 0; 0; 0; 0; 0; 0 
6; Wallace, Anthony; 6; 6; 540; 1; 1; 3; 4; .250; 1; .250; 0; 0; 1; 0; 0; 7 
66; Adams, Tyler; 11; 9; 808; 0; 0; 0; 3; .000; 1; .333; 2; 0; 0; 0; 0; 11 
51; Heffron, Colin; 16; 10; 831; 0; 1; 1; 2; .000; 1; .500; 0; 0; 0; 0; 0; 6 
22; Ouimette, Karl; 5; 5; 437; 0; 0; 0; 2; .000; 0; .000; 0; 0; 0; 0; 0; 6 
46; Saramago, Brian; 5; 1; 117; 0; 0; 0; 2; .000; 0; .000; 0; 0; 0; 0; 0; 1 
23; Zubar, Ronald; 1; 1; 45; 0; 0; 0; 1; .000; 1; 1.000; 0; 0; 0; 0; 0; 0 
5; Lade, Connor; 2; 2; 156; 0; 0; 0; 1; .000; 1; 1.000; 2; 0; 0; 0; 0; 4 
70; Manosalvas, Victor; 7; 1; 120; 0; 1; 1; 1; .000; 0; .000; 1; 0; 0; 0; 0; 2 
33; Thomas, James; 23; 16; 1405; 0; 2; 2; 1; .000; 0; .000; 3; 0; 0; 0; 0; 14 
74; Diaz, Rafael; 6; 4; 382; 0; 0; 0; 0; .000; 0; .000; 0; 0; 0; 0; 0; 0 
43; Lochner, Ethan; 2; 0; 33; 0; 0; 0; 0; .000; 0; .000; 0; 0; 0; 0; 0; 1 
34; Deeds, Mason; 2; 0; 58; 0; 0; 0; 0; .000; 0; .000; 0; 0; 0; 0; 0; 0 
39; Borges, Marcello; 2; 0; 96; 0; 0; 0; 0; .000; 0; .000; 0; 0; 0; 0; 0; 3 
48; Martin, Henry; 3; 0; 55; 0; 0; 0; 0; .000; 0; .000; 0; 0; 0; 0; 0; 0 
38; Zajac, Kyle; 3; 1; 119; 0; 0; 0; 0; .000; 0; .000; 0; 0; 0; 0; 0; 0 
7; Miller, Roy; 1; 1; 46; 0; 0; 0; 0; .000; 0; .000; 0; 0; 0; 0; 0; 0 
18; Reynish, Kyle; 4; 3; 254; 0; 0; 0; 0; .000; 0; .000; 0; 0; 0; 0; 0; 1 
24; Castano, Santiago; 21; 21; 1884; 0; 0; 0; 0; .000; 0; .000; 2; 1; 0; 0; 0; 3

Team: Orange County Blues

9; Cortez, Christopher; 24; 20; 1618; 6; 2; 14; 55; .109; 29; .527; 6; 0; 2; 0; 0; 24 
22; Ramirez, Christofer; 25; 15; 1491; 8; 1; 17; 46; .174; 25; .543; 6; 0; 3; 0; 0; 20 
21; Crettenand, Didier; 23; 21; 1637; 7; 3; 17; 41; .171; 21; .512; 1; 0; 4; 1; 1; 5 
11; Slager, Denzel; 20; 17; 1474; 6; 2; 14; 36; .167; 17; .472; 1; 0; 1; 0; 0; 10 
87; Popara, Pavle; 11; 10; 916; 3; 3; 9; 26; .115; 12; .462; 1; 0; 1; 0; 0; 24 
14; Suggs, Joshua; 25; 25; 2239; 0; 2; 2; 25; .000; 12; .480; 4; 1; 0; 0; 0; 13 
7; Santana, Christopher; 24; 16; 1509; 2; 5; 9; 23; .087; 10; .435; 3; 0; 1; 0; 0; 9 
17; Ilich, Nikola; 27; 13; 1307; 1; 0; 2; 19; .053; 9; .474; 2; 0; 1; 0; 0; 7 
10; Petricevic, Luka; 21; 21; 1694; 1; 0; 2; 13; .077; 5; .385; 5; 2; 0; 0; 0; 45 
33; Burgos, Junior; 4; 4; 273; 0; 0; 0; 12; .000; 3; .250; 1; 0; 0; 0; 0; 2 
23; Griffiths, Brenton; 26; 26; 2234; 3; 1; 7; 10; .300; 7; .700; 6; 2; 1; 0; 0; 21 
12; Walker, Amani; 12; 0; 150; 1; 0; 2; 7; .143; 5; .714; 0; 0; 0; 0; 0; 4 
24; Estrada, David; 7; 6; 547; 0; 3; 3; 7; .000; 2; .286; 0; 0; 0; 0; 0; 9 
16; Kim, Sueng Ju; 6; 6; 459; 0; 3; 3; 5; .000; 1; .200; 0; 0; 0; 0; 0; 5 
20; McCracken, Jack; 22; 14; 1535; 0; 2; 2; 5; .000; 1; .200; 1; 0; 0; 0; 0; 12 
29; Payeras, Jeffery; 9; 9; 733; 0; 2; 2; 4; .000; 2; .500; 2; 0; 0; 0; 0; 6 
31; Felix, Ryan; 14; 9; 793; 0; 0; 0; 4; .000; 1; .250; 3; 0; 0; 0; 0; 4 
8; Santana, Jio; 6; 2; 159; 0; 0; 0; 4; .000; 1; .250; 0; 0; 0; 0; 0; 5 
19; Barron, Jacob; 11; 1; 359; 0; 0; 0; 3; .000; 2; .667; 1; 0; 0; 0; 0; 3 
4; Blanco, Milton; 10; 10; 873; 0; 0; 0; 2; .000; 0; .000; 3; 0; 0; 0; 0; 14 
3; Paunic, Nikola; 4; 2; 244; 0; 0; 0; 1; .000; 1; 1.000; 0; 0; 0; 0; 0; 1 
27; Feeley, Tyler; 7; 0; 98; 0; 1; 1; 1; .000; 0; .000; 0; 0; 0; 0; 0; 3 
13; Momeni, Mehrshad; 5; 1; 145; 0; 0; 0; 0; .000; 0; .000; 1; 0; 0; 0; 0; 2 
6; Turner, Jimmy; 11; 6; 572; 0; 0; 0; 0; .000; 0; .000; 0; 1; 0; 0; 0; 5 
32; Filipovic, Romeo; 4; 4; 360; 0; 1; 1; 0; .000; 0; .000; 2; 0; 0; 0; 0; 6 
30; Miranda, Pepe; 25; 25; 2268; 0; 0; 0; 0; .000; 0; .000; 2; 1; 0; 0; 0; 1 
18; Thompson, Billy; 3; 2; 180; 0; 0; 0; 0; .000; 0; .000; 0; 0; 0; 0; 0; 0 
5; Navarro, Alberto; 22; 22; 1926; 0; 0; 0; 0; .000; 0; .000; 2; 0; 0; 0; 0; 17

Team: OKC Energy

9; Konig, Danni; 28; 28; 2515; 21; 4; 46; 91; .231; 51; .560; 4; 0; 7; 5; 6; 35 
7; Dalgaard, Sebastian; 28; 26; 2120; 6; 1; 13; 41; .146; 17; .415; 4; 1; 1; 0; 0; 24 
22; Greig, Kyle; 26; 13; 1394; 7; 1; 15; 39; .179; 21; .538; 3; 0; 3; 0; 0; 18 
10; Sanchez, Chuy; 24; 19; 1736; 2; 4; 8; 31; .065; 12; .387; 1; 0; 0; 0; 0; 16 
11; Townsend, Casey; 26; 24; 1894; 1; 6; 8; 31; .032; 9; .290; 2; 0; 0; 0; 0; 13 
5; Evans, Gareth; 25; 25; 2216; 2; 1; 5; 26; .077; 8; .308; 8; 0; 0; 0; 0; 28 
17; Toth, Pete; 19; 4; 410; 2; 1; 5; 18; .111; 8; .444; 0; 0; 1; 0; 0; 10 
8; Thomas, Michael; 27; 27; 2377; 2; 4; 8; 13; .154; 7; .538; 2; 0; 0; 0; 1; 14 
25; Byskov, Michael; 10; 7; 581; 0; 0; 0; 9; .000; 2; .222; 2; 0; 0; 0; 0; 7 
3; Doue, Peabo; 19; 8; 780; 0; 1; 1; 8; .000; 1; .125; 2; 1; 0; 0; 0; 6 
26; Andrews, Coady; 15; 13; 1179; 0; 0; 0; 6; .000; 2; .333; 0; 0; 0; 0; 0; 9 
4; Hedrick, Cyprian; 22; 19; 1694; 0; 0; 0; 4; .000; 2; .500; 2; 1; 0; 0; 0; 15 
2; VanCompernolle; 23; 23; 2020; 0; 0; 0; 4; .000; 1; .250; 1; 0; 0; 0; 0; 11 
12; Gonzalez, Daniel; 25; 12; 1137; 1; 2; 4; 3; .333; 1; .333; 4; 0; 1; 0; 0; 12 
20; Duke, Christian; 19; 17; 1506; 0; 4; 4; 3; .000; 0; .000; 2; 0; 0; 0; 0; 13 
19; Harris, Michael; 22; 8; 842; 0; 1; 1; 3; .000; 0; .000; 0; 0; 0; 0; 0; 4 
14; Lopez, Mikey; 8; 5; 434; 0; 0; 0; 2; .000; 0; .000; 2; 0; 0; 0; 0; 8 
6; Delgado, Danny; 7; 0; 82; 0; 0; 0; 2; .000; 0; .000; 0; 0; 0; 0; 0; 2 
15; McKenna, Reed; 2; 0; 25; 0; 0; 0; 1; .000; 1; 1.000; 1; 0; 0; 0; 0; 1 
18; Daley, Omar; 9; 1; 204; 0; 0; 0; 1; .000; 0; .000; 0; 0; 0; 0; 0; 5 
21; Mulamba, Greg; 4; 1; 122; 0; 0; 0; 0; .000; 0; .000; 0; 0; 0; 0; 0; 0 
1; Newton, Evan; 27; 27; 2435; 0; 0; 0; 0; .000; 0; .000; 1; 0; 0; 0; 0; 1


Team: Pittsburgh Riverhounds

6; Vincent, Rob; 27; 26; 2421; 18; 6; 42; 69; .261; 32; .464; 5; 0; 4; 3; 3; 26 
10; Kerr, Kevin; 26; 25; 2330; 10; 9; 29; 50; .200; 24; .480; 5; 0; 5; 1; 2; 19 
9; Cabrilo, Miroslav; 25; 7; 760; 3; 4; 10; 22; .136; 10; .455; 1; 0; 1; 0; 0; 15 
22; Moloto, Matshidiso; 24; 19; 1693; 6; 7; 19; 19; .316; 14; .737; 2; 0; 1; 0; 0; 27 
28; Dantas, Vinicius; 16; 10; 925; 2; 3; 7; 18; .111; 7; .389; 0; 0; 1; 0; 0; 10 
7; Okai, Stephen; 23; 19; 1495; 0; 2; 2; 17; .000; 7; .412; 3; 0; 0; 0; 0; 17 
8; Green, Michael; 27; 22; 1961; 0; 2; 2; 14; .000; 8; .571; 0; 0; 0; 0; 0; 9 
11; Pasher, Tyler; 21; 8; 1003; 2; 0; 4; 12; .167; 9; .750; 0; 0; 0; 0; 0; 9 
16; Earls, Danny; 25; 24; 2243; 3; 3; 9; 11; .273; 6; .545; 7; 2; 0; 0; 0; 36 
2; Soumah, Amara; 11; 1; 162; 2; 0; 4; 8; .250; 3; .375; 1; 0; 0; 0; 0; 5 
17; Russell, Drew; 15; 3; 445; 0; 1; 1; 7; .000; 3; .429; 2; 0; 0; 0; 0; 8 
4; Touloute, Max; 11; 5; 454; 1; 1; 3; 7; .143; 3; .429; 0; 0; 0; 0; 0; 4 
3; Arena, Anthony; 26; 25; 2277; 2; 0; 4; 7; .286; 3; .429; 6; 0; 0; 0; 0; 22 
19; Hunt, William; 27; 24; 2312; 1; 0; 2; 5; .200; 1; .200; 5; 1; 0; 0; 0; 17 
20; Dallman, Matt; 18; 14; 1285; 0; 4; 4; 4; .000; 2; .500; 2; 0; 0; 0; 0; 7 
18; Zivanovic, Boris; 10; 4; 374; 1; 0; 2; 4; .250; 1; .250; 0; 0; 0; 0; 0; 9 
21; Okiomah, Fejiro; 21; 17; 1363; 1; 2; 4; 3; .333; 1; .333; 2; 0; 0; 0; 0; 14 
12; Virgara, Anthony; 6; 0; 74; 0; 0; 0; 3; .000; 1; .333; 0; 0; 0; 0; 0; 1 
5; Flunder, Sterling; 14; 13; 1060; 0; 0; 0; 2; .000; 1; .500; 0; 1; 0; 0; 0; 4 
31; Newnam, Ben; 6; 3; 316; 0; 0; 0; 1; .000; 1; 1.000; 1; 0; 0; 0; 0; 1 
25; x-Raley, Jereme; 1; 0; 0; 0; 0; 0; 0; .000; 0; .000; 0; 0; 0; 0; 0; 1 
23; Kolarac, Nick; 1; 0; 2; 0; 0; 0; 0; .000; 0; .000; 0; 0; 0; 0; 0; 0 
15; Eze, Kene; 2; 0; 5; 0; 0; 0; 0; .000; 0; .000; 0; 0; 0; 0; 0; 0 
30; Brown, Calle; 14; 13; 1260; 0; 0; 0; 0; .000; 0; .000; 2; 0; 0; 0; 0; 0 
18; Kyei, Jeffrey; 1; 0; 24; 0; 0; 0; 0; .000; 0; .000; 0; 0; 0; 0; 0; 0 
24; Hulings, Ryan; 3; 2; 180; 0; 0; 0; 0; .000; 0; .000; 0; 0; 0; 0; 0; 0 
17; Donovan, Conor; 1; 1; 90; 0; 0; 0; 0; .000; 0; .000; 0; 0; 0; 0; 0; 0 
14; C'deBaca, Seth; 4; 0; 19; 0; 0; 0; 0; .000; 0; .000; 0; 0; 0; 0; 0; 0


Team: Portland Timbers 2

49; Safiu, Fatawu; 23; 18; 1756; 7; 1; 15; 67; .104; 22; .328; 8; 0; 2; 2; 2; 40 
30; Belmar, Kharlton; 28; 27; 2381; 12; 3; 27; 43; .279; 21; .488; 3; 0; 4; 0; 0; 20 
77; Winchester, Rundell; 22; 18; 1600; 3; 3; 9; 35; .086; 11; .314; 6; 0; 1; 0; 0; 25 
52; Gavin, Blair; 24; 20; 1823; 4; 3; 11; 22; .182; 9; .409; 2; 0; 0; 0; 0; 14 
15; Jeanderson; 15; 14; 1254; 1; 2; 4; 16; .062; 6; .375; 2; 0; 0; 0; 0; 14 
55; Richards, Brent; 14; 6; 686; 1; 2; 4; 16; .062; 5; .312; 2; 0; 0; 0; 0; 9 
26; Fochive, George; 8; 8; 702; 4; 0; 8; 15; .267; 5; .333; 4; 0; 2; 0; 0; 10 
27; Besler, Nick; 25; 22; 1834; 0; 0; 0; 15; .000; 1; .067; 1; 0; 0; 0; 0; 18 
47; Clarke, Rennico; 15; 14; 1253; 0; 0; 0; 11; .000; 3; .273; 3; 1; 0; 0; 0; 19 
17; Nanchoff, Michael; 6; 6; 475; 2; 2; 6; 10; .200; 6; .600; 0; 0; 1; 1; 1; 3 
44; Delbridge, Harrison; 18; 18; 1606; 1; 1; 3; 9; .111; 1; .111; 4; 1; 0; 0; 0; 20 
28; Thoma, Andy; 26; 25; 2274; 0; 3; 3; 8; .000; 4; .500; 7; 0; 0; 0; 0; 28 
4; Johnson, Will; 3; 3; 270; 0; 1; 1; 8; .000; 4; .500; 0; 0; 0; 0; 0; 4 
73; Biglieri, Santiago; 11; 6; 410; 0; 2; 2; 8; .000; 3; .375; 1; 0; 0; 0; 0; 3 
31; Seaton, Michael; 5; 2; 272; 1; 0; 2; 6; .167; 4; .667; 0; 0; 0; 0; 0; 4 
50; Bodily, Blake; 6; 2; 206; 0; 0; 0; 6; .000; 2; .333; 0; 0; 0; 0; 0; 0 
11; Asprilla, Dairon; 2; 2; 180; 0; 1; 1; 5; .000; 0; .000; 0; 0; 0; 0; 0; 5 
20; Peay, Taylor; 14; 14; 1225; 0; 1; 1; 4; .000; 0; .000; 2; 0; 0; 0; 0; 10 
32; Tshuma, Schillo; 10; 6; 521; 0; 1; 1; 4; .000; 0; .000; 1; 0; 0; 0; 0; 6 
85; Evans, Steven; 11; 4; 474; 1; 0; 2; 3; .333; 1; .333; 0; 0; 1; 0; 0; 3 
40; Payne, Tim; 22; 16; 1511; 0; 0; 0; 3; .000; 0; .000; 4; 0; 0; 0; 0; 24 
38; Rose, Matt; 9; 3; 339; 0; 1; 1; 2; .000; 2; 1.000; 0; 1; 0; 0; 0; 7 
84; Casiple, Seth; 10; 5; 403; 1; 0; 2; 2; .500; 1; .500; 1; 0; 0; 0; 0; 5 
35; Manning, Anthony; 15; 15; 1225; 0; 0; 0; 2; .000; 1; .500; 2; 0; 0; 0; 0; 9 
23; Paparatto, Norberto; 1; 1; 90; 0; 0; 0; 1; .000; 0; .000; 0; 0; 0; 0; 0; 1 
97; Lowe, Terrell; 1; 0; 6; 0; 0; 0; 0; .000; 0; .000; 0; 0; 0; 0; 0; 1 
10; Fernandez, Gaston; 1; 1; 45; 0; 0; 0; 0; .000; 0; .000; 0; 0; 0; 0; 0; 1 
45; Fisher, Devon; 4; 4; 315; 0; 0; 0; 0; .000; 0; .000; 0; 0; 0; 0; 0; 3 


Team: Real Monarchs SLC

9; Rauhofer, Max; 17; 15; 1331; 9; 0; 18; 53; .170; 25; .472; 5; 1; 2; 4; 5; 30 
11; Welshman, Emery; 19; 18; 1589; 6; 2; 14; 48; .125; 24; .500; 3; 0; 2; 0; 0; 13 
18; Baldin, Lucas; 27; 19; 1688; 5; 3; 13; 29; .172; 14; .483; 4; 0; 0; 2; 2; 10 
10; Velazco, Ricardo; 23; 23; 1912; 2; 4; 8; 29; .069; 11; .379; 2; 0; 1; 0; 0; 19 
28; Orellana, Maikon; 21; 14; 1198; 2; 3; 7; 24; .083; 14; .583; 0; 0; 0; 0; 0; 13 
6; Sundly, Alec; 25; 18; 1619; 1; 0; 2; 17; .059; 9; .529; 1; 0; 1; 0; 0; 20 
50; Saucedo, Sebastian; 7; 7; 586; 0; 2; 2; 14; .000; 7; .500; 1; 0; 0; 0; 0; 11 
4; McGovern, Riley; 26; 21; 1979; 0; 0; 0; 8; .000; 1; .125; 3; 0; 0; 0; 0; 6 
7; Tavares, Eti; 28; 10; 1026; 3; 0; 6; 7; .429; 5; .714; 2; 0; 1; 0; 0; 16 
5; Celestino, Lennon; 18; 11; 915; 0; 0; 0; 7; .000; 1; .143; 3; 0; 0; 0; 0; 15 
20; Orozco, Emilio; 22; 18; 1747; 0; 1; 1; 6; .000; 3; .500; 6; 1; 0; 0; 0; 29 
13; Losee, Garrett; 14; 4; 402; 0; 1; 1; 6; .000; 2; .333; 4; 0; 0; 0; 0; 7 
8; Ovalle, Fito; 21; 16; 1379; 0; 2; 2; 6; .000; 1; .167; 3; 0; 0; 0; 0; 28 
22; Copeland, Darian; 14; 6; 625; 0; 0; 0; 5; .000; 2; .400; 0; 0; 0; 0; 0; 8 
23; Navarro, Coco; 11; 2; 209; 1; 0; 2; 4; .250; 2; .500; 0; 0; 0; 0; 0; 2 
15; Murrell, Jordan; 17; 14; 1173; 0; 1; 1; 4; .000; 1; .250; 1; 0; 0; 0; 0; 14 
25; Peckaert, Wellington; 6; 5; 491; 0; 0; 0; 3; .000; 2; .667; 1; 0; 0; 0; 0; 8 
19; Arnone, Tyler; 20; 11; 1136; 0; 0; 0; 3; .000; 1; .333; 3; 0; 0; 0; 0; 14 
3; Kavita, Phanuel; 18; 18; 1619; 1; 0; 2; 2; .500; 1; .500; 4; 1; 0; 0; 0; 14 
2; Okwuonu, Boyd; 12; 12; 1003; 0; 0; 0; 2; .000; 1; .500; 0; 0; 0; 0; 0; 4 
26; Glad, Justen; 7; 7; 556; 1; 0; 2; 2; .500; 1; .500; 1; 0; 0; 0; 0; 4 
29; Acosta, Danilo; 3; 3; 256; 0; 0; 0; 2; .000; 0; .000; 0; 0; 0; 0; 0; 2 
14; Brown, Leon; 9; 0; 100; 0; 0; 0; 1; .000; 1; 1.000; 0; 0; 0; 0; 0; 0 
32; Duran, Edgar; 2; 0; 18; 0; 0; 0; 1; .000; 0; .000; 0; 0; 0; 0; 0; 0 
49; Sandoval Devon; 1; 1; 90; 0; 0; 0; 1; .000; 0; .000; 0; 0; 0; 0; 0; 3 
44; Chris Schuler; 2; 2; 112; 0; 0; 0; 0; .000; 0; .000; 1; 0; 0; 0; 0; 3 
12; Baumgartner, Marvin; 2; 1; 79; 0; 0; 0; 0; .000; 0; .000; 0; 0; 0; 0; 0; 1 
27; Stertzer, John; 3; 2; 205; 0; 0; 0; 0; .000; 0; .000; 0; 0; 0; 0; 0; 1 
21; Maund, Aaron; 1; 1; 90; 0; 0; 0; 0; .000; 0; .000; 0; 0; 0; 0; 0; 0 
16; Hernandez, Jose; 2; 1; 95; 0; 0; 0; 0; .000; 0; .000; 0; 0; 0; 0; 0; 0 
1; Fernandez, Lalo; 18; 18; 1620; 0; 0; 0; 0; .000; 0; .000; 2; 0; 0; 0; 0; 0 

Team: Richmond Kickers

17; Yeisley, Jason; 23; 22; 1762; 13; 1; 27; 55; .236; 34; .618; 1; 0; 2; 2; 2; 28 
11; Davis IV, George; 25; 21; 1807; 8; 1; 17; 46; .174; 21; .457; 2; 0; 3; 3; 4; 15 
22; Ownby, Brian; 13; 11; 917; 4; 4; 12; 27; .148; 13; .481; 2; 0; 1; 1; 1; 20 
4; Sekyere, Owusu; 27; 22; 1794; 1; 5; 7; 25; .040; 12; .480; 7; 0; 0; 0; 0; 28 
7; Delicate, Matthew; 26; 12; 1221; 6; 2; 14; 19; .316; 11; .579; 0; 0; 2; 0; 0; 24 
14; Imura, Yudai; 16; 11; 917; 2; 1; 5; 19; .105; 7; .368; 1; 0; 1; 0; 0; 5 
5; Callahan, Michael; 25; 13; 1273; 1; 0; 2; 13; .077; 4; .308; 5; 0; 0; 0; 0; 24 
8; Roberts, Hugh; 24; 17; 1491; 0; 0; 0; 11; .000; 6; .545; 2; 0; 0; 0; 0; 11 
23; Goerres, Sascha; 21; 11; 1065; 0; 4; 4; 10; .000; 4; .400; 1; 0; 0; 0; 0; 3 
26; Bedell, Adam; 2; 2; 156; 0; 0; 0; 9; .000; 4; .444; 0; 0; 0; 0; 0; 2 
15; Garner, Eli; 17; 4; 494; 2; 1; 5; 8; .250; 6; .750; 0; 0; 1; 0; 0; 7 
2; Yomby, William; 27; 27; 2318; 0; 0; 0; 8; .000; 0; .000; 3; 0; 0; 0; 0; 12 
25; Jeffrey, Jared; 6; 5; 449; 0; 0; 0; 7; .000; 4; .571; 2; 0; 0; 0; 0; 14 
28; Asante, Samuel; 23; 21; 1502; 1; 1; 3; 7; .143; 3; .429; 4; 0; 0; 0; 0; 33 
31; Troyer, Braeden; 25; 22; 1907; 0; 1; 1; 5; .000; 4; .800; 1; 0; 0; 0; 0; 22 
18; Lee, Alex; 16; 12; 1006; 0; 3; 3; 3; .000; 3; 1.000; 1; 1; 0; 0; 0; 4 
24; Aguilar, Miguel; 2; 2; 180; 0; 0; 0; 3; .000; 1; .333; 1; 0; 0; 0; 0; 5 
9; Grant, Anthony; 5; 3; 270; 0; 0; 0; 3; .000; 0; .000; 0; 0; 0; 0; 0; 4 
27; Martin, Collin; 5; 1; 191; 0; 1; 1; 2; .000; 1; .500; 2; 0; 0; 0; 0; 5 
20; Robinson, Jalen; 15; 15; 1248; 1; 1; 3; 2; .500; 1; .500; 2; 0; 0; 0; 0; 9 
21; Shiffman, Nate; 11; 3; 303; 1; 0; 2; 2; .500; 1; .500; 0; 0; 0; 0; 0; 3 
30; Bentick, Uriah; 6; 6; 483; 0; 0; 0; 2; .000; 0; .000; 0; 0; 0; 0; 0; 5 
40; Oldham, Houston; 1; 0; 2; 0; 0; 0; 1; .000; 1; 1.000; 0; 0; 0; 0; 0; 1 
36; Gelnovatch, Jake; 1; 0; 0; 0; 0; 0; 0; .000; 0; .000; 0; 0; 0; 0; 0; 1 
48; Worra, Travis; 12; 12; 990; 0; 0; 0; 0; .000; 0; .000; 2; 0; 0; 0; 0; 1 
16; Burke, Ricky; 6; 0; 15; 0; 0; 0; 0; .000; 0; .000; 0; 0; 0; 0; 0; 1 
34; Mishu, Luke; 11; 11; 990; 0; 1; 1; 0; .000; 0; .000; 0; 0; 0; 0; 0; 4 
3; Basso, Stephen; 7; 6; 498; 0; 0; 0; 0; .000; 0; .000; 1; 0; 0; 0; 0; 3 
1; Taylor, Ryan; 13; 13; 1170; 0; 0; 0; 0; .000; 0; .000; 1; 0; 0; 0; 0; 1 

Team: Rochester Rhinos

21; Forbes, Kenardo; 27; 20; 1833; 3; 5; 11; 46; .065; 13; .283; 0; 0; 1; 0; 0; 17 
8; Volesky, Christian; 26; 14; 1377; 8; 3; 19; 42; .190; 21; .500; 4; 0; 2; 0; 0; 40 
10; Dos Santos, Steevan; 21; 12; 1070; 8; 0; 16; 34; .235; 17; .500; 1; 0; 4; 0; 0; 17 
11; Mendoza, Jonny; 28; 22; 1889; 3; 2; 8; 34; .088; 12; .353; 4; 0; 1; 0; 0; 17 
3; Dixon, Alex; 25; 18; 1524; 3; 2; 8; 26; .115; 14; .538; 0; 0; 2; 0; 0; 13 
20; Walls, Tony; 28; 27; 2393; 4; 2; 10; 24; .167; 15; .625; 3; 0; 2; 1; 1; 41 
9; Rolfe, Colin; 25; 13; 1004; 6; 1; 13; 23; .261; 11; .478; 3; 0; 3; 0; 0; 39 
22; Ringhof, Julian; 21; 16; 1468; 0; 0; 0; 12; .000; 6; .500; 3; 0; 0; 0; 0; 20 
18; Van De Casteele, G.; 23; 19; 1644; 2; 0; 4; 8; .250; 5; .625; 2; 0; 1; 0; 0; 7 
13; Garzi, Michael; 23; 19; 1512; 0; 0; 0; 8; .000; 3; .375; 7; 1; 0; 0; 0; 29 
2; Ugarte, Marcos; 18; 9; 710; 0; 1; 1; 8; .000; 2; .250; 0; 0; 0; 0; 0; 6 
4; Totsch, Sean; 20; 13; 1235; 1; 0; 2; 7; .143; 3; .429; 0; 0; 1; 0; 0; 13 
12; Samuels, Asani; 11; 0; 183; 2; 0; 4; 4; .500; 3; .750; 0; 0; 0; 0; 0; 2 
5; Apostolopoulos, V.; 27; 22; 2020; 0; 0; 0; 4; .000; 2; .500; 1; 0; 0; 0; 0; 10 
92; Mulgrew, Timi; 15; 3; 405; 0; 0; 0; 3; .000; 1; .333; 1; 0; 0; 0; 0; 7 
29; Rudy, Tyler; 14; 6; 641; 0; 2; 2; 2; .000; 2; 1.000; 3; 1; 0; 0; 0; 13 
15; McMahon, Pat; 25; 24; 2151; 0; 0; 0; 2; .000; 1; .500; 6; 0; 0; 0; 0; 17 
6; Silva, Christian; 4; 1; 121; 0; 1; 1; 2; .000; 0; .000; 1; 0; 0; 0; 0; 1 
16; Ruggles, Drew; 7; 3; 286; 0; 1; 1; 1; .000; 0; .000; 1; 0; 0; 0; 0; 6 
7; Obasi, Onua Thomas; 20; 17; 1569; 0; 4; 4; 1; .000; 0; .000; 1; 0; 0; 0; 0; 20 
17; Bordeau, Nate; 3; 1; 111; 0; 1; 1; 0; .000; 0; .000; 0; 0; 0; 0; 0; 2

Team: Sacramento Republic

17; Braun, Justin; 24; 23; 1856; 8; 0; 16; 46; .174; 24; .522; 7; 0; 1; 0; 1; 27 
8; Lopez, Rodrigo; 24; 23; 2007; 10; 5; 25; 44; .227; 24; .545; 3; 1; 6; 0; 0; 11 
23; Klimenta, Emrah; 26; 26; 2321; 1; 4; 6; 34; .029; 9; .265; 2; 0; 1; 0; 0; 18 
10; Stewart, Thomas; 17; 11; 965; 3; 0; 6; 26; .115; 16; .615; 0; 0; 1; 0; 0; 5 
3; Estrada, David; 18; 17; 1383; 3; 3; 9; 24; .125; 9; .375; 0; 0; 0; 0; 0; 9 
14; Iwasa, Cameron; 17; 5; 507; 1; 1; 3; 21; .048; 9; .429; 1; 0; 0; 0; 0; 5 
19; Guzman, Octavio; 18; 17; 1352; 3; 3; 9; 21; .143; 7; .333; 3; 0; 0; 2; 2; 10 
5; Barrera, Danny; 16; 11; 1128; 2; 2; 6; 16; .125; 5; .312; 0; 0; 0; 0; 0; 10 
12; Vukovic, Nemanja; 25; 23; 2129; 1; 0; 2; 13; .077; 3; .231; 4; 0; 1; 0; 0; 13 
22; Sherrod, Mark; 5; 1; 197; 1; 0; 2; 11; .091; 5; .455; 0; 0; 0; 0; 0; 6 
21; Daly, Mickey; 26; 26; 2293; 2; 0; 4; 11; .182; 4; .364; 6; 0; 0; 0; 0; 20 
20; Kiffe, James; 24; 21; 1819; 0; 1; 1; 10; .000; 5; .500; 3; 0; 0; 0; 0; 18 
11; Alvarez, Max; 14; 7; 520; 0; 1; 1; 10; .000; 5; .500; 2; 0; 0; 0; 0; 4 
25; Rivas, Joaquin; 13; 6; 512; 0; 1; 1; 10; .000; 2; .200; 1; 0; 0; 0; 0; 9 
13; Gabeljic, Adnan; 9; 0; 147; 2; 0; 4; 9; .222; 5; .556; 0; 0; 0; 0; 0; 1 
9; Gissie, Gabe; 13; 1; 326; 1; 1; 3; 9; .111; 1; .111; 1; 0; 1; 0; 0; 6 
16; Taublieb, Zev; 10; 3; 314; 1; 0; 2; 8; .125; 3; .375; 0; 0; 0; 0; 0; 4 
18; Mirkovic, Ivan; 25; 25; 2204; 1; 1; 3; 6; .167; 2; .333; 8; 0; 0; 0; 0; 51 
6; Cazarez, Agustin; 16; 11; 968; 1; 0; 2; 6; .167; 2; .333; 1; 0; 1; 0; 0; 6 
22; Gonzalez, Gabe; 7; 3; 253; 0; 0; 0; 6; .000; 1; .167; 0; 0; 0; 0; 0; 2 
16; Thompson, Tommy; 2; 2; 158; 1; 2; 4; 4; .250; 2; .500; 0; 0; 1; 0; 0; 1 
15; Kaleemullah; 8; 1; 198; 0; 0; 0; 4; .000; 2; .500; 1; 0; 0; 0; 0; 2 
7; Gilberto; 8; 5; 444; 0; 1; 1; 4; .000; 0; .000; 0; 0; 0; 0; 0; 0 
2; Foran, Derek; 21; 10; 904; 0; 1; 1; 2; .000; 0; .000; 4; 0; 0; 0; 0; 10 
3; Koval, JJ; 1; 1; 90; 0; 0; 0; 1; .000; 0; .000; 1; 0; 0; 0; 0; 4 
26; Motagalvan, Alfonso; 2; 0; 40; 0; 0; 0; 0; .000; 0; .000; 0; 0; 0; 0; 0; 0 
1; Jakubek, Dominik; 5; 4; 360; 0; 0; 0; 0; .000; 0; .000; 0; 0; 0; 0; 0; 0 
4; Bonvehi, Matthias; 2; 1; 90; 0; 0; 0; 0; .000; 0; .000; 0; 0; 0; 0; 0; 0

Team: Saint Louis FC

8; Gaul, Bryan; 27; 25; 2273; 4; 4; 12; 45; .089; 22; .489; 7; 0; 0; 2; 2; 33 
9; Lynch, Jermie; 17; 12; 1042; 4; 1; 9; 42; .095; 21; .500; 3; 1; 1; 0; 0; 11 
7; Hardware, Jamiel; 21; 19; 1524; 4; 0; 8; 27; .148; 11; .407; 2; 0; 0; 0; 0; 11 
15; Ambersley, Mike; 24; 17; 1672; 4; 1; 9; 26; .154; 14; .538; 5; 0; 1; 1; 2; 10 
6; Maher, Parker; 28; 25; 2188; 1; 0; 2; 18; .056; 10; .556; 1; 0; 0; 0; 0; 17 
3; Fink, Sam; 28; 28; 2520; 3; 0; 6; 16; .188; 7; .438; 2; 0; 1; 0; 0; 11 
23; Roberts, Jordan; 15; 6; 576; 0; 1; 1; 15; .000; 6; .400; 1; 1; 0; 0; 0; 6 
11; Renken, Charles; 25; 10; 1121; 1; 1; 3; 14; .071; 5; .357; 5; 0; 0; 0; 0; 17 
5; Ciesiulka, Bryan; 25; 12; 1108; 1; 0; 2; 13; .077; 4; .308; 0; 0; 0; 0; 0; 3 
14; Musa, James; 24; 24; 2155; 2; 0; 4; 12; .167; 4; .333; 5; 0; 1; 0; 0; 8 
27; Bryce, Kingsley; 10; 8; 671; 2; 1; 5; 9; .222; 4; .444; 0; 1; 2; 0; 0; 4 
17; Bushue, Jacob; 25; 15; 1674; 1; 1; 3; 6; .167; 3; .500; 3; 1; 0; 0; 0; 27 
10; Takada, Kentaro; 18; 8; 582; 0; 1; 1; 6; .000; 2; .333; 0; 0; 0; 0; 0; 9 
13; Bibbs, Nick; 13; 7; 510; 0; 0; 0; 5; .000; 3; .600; 0; 1; 1; 0; 0; 2 
25; Barklage, Brandon; 11; 10; 701; 1; 0; 2; 5; .200; 1; .200; 1; 0; 0; 0; 0; 7 
2; Dixon, Richard; 9; 7; 459; 0; 0; 0; 4; .000; 2; .500; 0; 0; 0; 0; 0; 7 
4; Gasecki, Oskar; 17; 10; 878; 0; 0; 0; 4; .000; 1; .250; 3; 1; 0; 0; 0; 11 
22; Doody, Patrick; 21; 18; 1654; 0; 4; 4; 4; .000; 1; .250; 1; 0; 0; 0; 0; 6 
16; Roach, Mike; 8; 1; 175; 0; 1; 1; 3; .000; 1; .333; 0; 0; 0; 0; 0; 9 
24; Kelly, Peter; 9; 2; 173; 0; 0; 0; 2; .000; 1; .500; 1; 0; 0; 0; 0; 3 
26; Cochrane, Greg; 4; 3; 310; 0; 0; 0; 2; .000; 0; .000; 1; 0; 0; 0; 0; 4 
19; Horton, Aaron; 5; 0; 59; 1; 0; 2; 1; 1.000; 1; 1.000; 1; 0; 1; 0; 0; 5 
20; Mathis, Jack; 2; 0; 7; 0; 0; 0; 1; .000; 0; .000; 0; 0; 0; 0; 0; 0 
12; Hoffman-Johnson,Gabe; 2; 0; 0; 0; 0; 0; 0; .000; 0; .000; 0; 0; 0; 0; 0; 0 
99; Magee, Mike; 1; 1; 60; 0; 0; 0; 0; .000; 0; .000; 0; 0; 0; 0; 0; 0 
21; Vandegriffe, Chad; 18; 12; 1105; 0; 0; 0; 0; .000; 0; .000; 0; 0; 0; 0; 0; 5 
0; Kann, Alec; 19; 19; 1710; 0; 0; 0; 0; .000; 0; .000; 1; 0; 0; 0; 0; 0 
31; Kotlov, Nikita; 3; 0; 33; 0; 0; 0; 0; .000; 0; .000; 0; 0; 0; 0; 0; 1 
1; Pais, Mark; 8; 8; 720; 0; 0; 0; 0; .000; 0; .000; 1; 0; 0; 0; 0; 0 

Team: Seattle Sounders 2

55; Rossi, Pablo; 26; 17; 1508; 8; 2; 18; 55; .145; 23; .418; 1; 0; 3; 2; 3; 9 
89; Mota, Sergio; 14; 12; 1217; 4; 4; 12; 36; .111; 15; .417; 1; 2; 0; 1; 2; 8 
88; Garza, Sam; 23; 16; 1445; 4; 2; 10; 30; .133; 11; .367; 5; 0; 1; 0; 0; 18 
17; Jones, Darwin; 14; 11; 884; 5; 1; 11; 24; .208; 12; .500; 0; 0; 1; 0; 0; 5 
39; Anderson, Oalex; 16; 7; 758; 4; 0; 8; 24; .167; 8; .333; 0; 0; 2; 0; 0; 13 
11; Kovar, Aaron; 17; 16; 1319; 1; 4; 6; 20; .050; 8; .400; 2; 0; 1; 0; 1; 10 
99; Craven, Andy; 14; 12; 1088; 5; 5; 15; 16; .312; 8; .500; 1; 0; 0; 0; 0; 10 
45; Frano, Giuliano; 25; 22; 2073; 2; 0; 4; 15; .133; 9; .600; 7; 2; 2; 0; 1; 29 
25; Long, Aaron; 27; 20; 2188; 1; 2; 4; 15; .067; 2; .133; 1; 0; 0; 0; 0; 21 
30; Sanyang, Amadou; 20; 17; 1558; 0; 0; 0; 10; .000; 2; .200; 5; 1; 0; 0; 0; 12 
31; Lowe, Damion; 17; 14; 1440; 1; 1; 3; 9; .111; 4; .444; 7; 0; 1; 0; 0; 16 
80; Mansaray, Victor; 16; 10; 952; 0; 1; 1; 9; .000; 3; .333; 1; 0; 0; 0; 0; 12 
66; Lawal, Qudus; 10; 2; 211; 2; 0; 4; 9; .222; 3; .333; 0; 0; 0; 0; 0; 4 
44; Miele, Nick; 22; 20; 1980; 3; 2; 8; 7; .429; 7; 1.000; 0; 0; 1; 0; 0; 4 
13; Correa, Andres; 16; 12; 977; 0; 0; 0; 7; .000; 2; .286; 3; 0; 0; 0; 0; 9 
21; Ockford, Jimmy; 13; 13; 1080; 1; 1; 3; 6; .167; 2; .333; 0; 0; 0; 0; 0; 5 
32; Mccormick, Duncan; 24; 8; 982; 0; 3; 3; 5; .000; 2; .400; 4; 1; 0; 0; 0; 15 
91; Fisher, Oneil; 11; 8; 768; 0; 0; 0; 5; .000; 2; .400; 2; 0; 0; 0; 0; 10 
97; Samuel, Myron; 1; 0; 45; 2; 1; 5; 4; .500; 3; .750; 0; 0; 1; 0; 0; 0 
77; Fairclough, Ashani; 12; 7; 826; 1; 0; 2; 3; .333; 1; .333; 3; 0; 0; 0; 0; 13 
7; Roldan, Cristian; 1; 0; 27; 1; 0; 2; 2; .500; 2; 1.000; 0; 0; 0; 0; 0; 0 
52; Ramos, Lorenzo; 14; 3; 382; 0; 0; 0; 2; .000; 1; .500; 0; 0; 0; 0; 0; 7 
42; Azira, Michael; 4; 3; 315; 0; 0; 0; 1; .000; 0; .000; 1; 0; 0; 0; 0; 4 
15; Remick, Dylan; 1; 1; 90; 0; 0; 0; 1; .000; 0; .000; 0; 0; 0; 0; 0; 0 
54; Silvas, Diego; 7; 0; 149; 0; 0; 0; 1; .000; 0; .000; 0; 0; 0; 0; 0; 3 
95; Patino, Carlos; 3; 1; 74; 0; 0; 0; 1; .000; 0; .000; 0; 0; 0; 0; 0; 0 
73; Hinds, Nicholas; 1; 0; 45; 0; 0; 0; 0; .000; 0; .000; 0; 0; 0; 0; 0; 0 
71; Magnus, John; 1; 0; 14; 0; 0; 0; 0; .000; 0; .000; 0; 0; 0; 0; 0; 0 
64; Kobayashi, Hiroki; 1; 0; 8; 0; 0; 0; 0; .000; 0; .000; 0; 0; 0; 0; 0; 0 
63; Hamer, Nick; 1; 1; 90; 0; 0; 0; 0; .000; 0; .000; 0; 0; 0; 0; 0; 0 
61; Ramos, Mike; 1; 1; 82; 0; 0; 0; 0; .000; 0; .000; 0; 0; 0; 0; 0; 1 
50; Tongovula, Nate; 4; 1; 81; 0; 0; 0; 0; .000; 0; .000; 0; 0; 0; 0; 0; 1 
70; Bwana, Handwalla; 1; 0; 11; 0; 0; 0; 0; .000; 0; .000; 0; 0; 0; 0; 0; 0 
22; Lyon, Charlie; 24; 22; 2163; 0; 0; 0; 0; .000; 0; .000; 0; 0; 0; 0; 0; 1 
51; French, Kasey; 4; 1; 82; 0; 0; 0; 0; .000; 0; .000; 0; 0; 0; 0; 0; 0 
36; Lim, Choong Sil; 7; 3; 334; 0; 0; 0; 0; .000; 0; .000; 1; 0; 0; 0; 0; 4 
53; Samkange, Tosh; 2; 1; 97; 0; 0; 0; 0; .000; 0; .000; 0; 0; 0; 0; 0; 1

Team: Toronto FC II

41; Babouli, Molham; 20; 18; 1624; 4; 4; 12; 49; .082; 22; .449; 5; 1; 0; 0; 0; 22 
22; Hamilton, Jordan; 20; 15; 1356; 3; 0; 6; 28; .107; 16; .571; 2; 0; 1; 0; 0; 14 
48; Edwards, Raheem; 21; 13; 1252; 2; 1; 5; 20; .100; 8; .400; 3; 0; 0; 0; 0; 26 
39; Nunes, Marcos; 15; 9; 807; 1; 0; 2; 18; .056; 5; .278; 2; 0; 0; 0; 0; 9 
45; Uccello, Luca; 22; 16; 1458; 1; 1; 3; 17; .059; 10; .588; 1; 0; 0; 0; 0; 15 
31; Bernal, Sal; 12; 8; 717; 2; 0; 4; 13; .154; 6; .462; 0; 0; 0; 0; 0; 7 
35; Rivas, Edwin; 18; 9; 749; 1; 1; 3; 12; .083; 4; .333; 0; 0; 0; 0; 0; 13 
44; Kaye, Mark Anthony; 22; 19; 1662; 0; 0; 0; 12; .000; 2; .167; 3; 1; 0; 0; 0; 23 
14; Chapman, Jay; 9; 9; 799; 2; 1; 5; 11; .182; 6; .545; 0; 0; 0; 0; 0; 14 
20; Mannella, Chris; 16; 15; 1300; 1; 0; 2; 11; .091; 6; .545; 1; 0; 0; 0; 0; 16 
34; Aparicio, Manuel; 20; 13; 1146; 0; 0; 0; 11; .000; 3; .273; 1; 0; 0; 0; 0; 18 
42; Mirabelli, Massimo; 24; 14; 1282; 2; 0; 4; 9; .222; 6; .667; 3; 0; 2; 0; 0; 12 
33; Thomas, Skylar; 22; 20; 1824; 3; 1; 7; 8; .375; 4; .500; 2; 0; 1; 0; 0; 25 
56; Johnson, Malik; 7; 5; 390; 0; 0; 0; 7; .000; 2; .286; 0; 0; 0; 0; 0; 3 
61; Jobe, Bubacarr; 5; 4; 298; 0; 0; 0; 6; .000; 3; .500; 1; 0; 0; 0; 0; 2 
62; Phillip, Reshon; 3; 2; 155; 2; 0; 4; 4; .500; 3; .750; 0; 0; 1; 0; 0; 1 
36; Godinho, Marcus; 7; 4; 357; 0; 0; 0; 3; .000; 2; .667; 1; 0; 0; 0; 0; 6 
58; Osorio, Anthony; 17; 10; 841; 0; 2; 2; 3; .000; 2; .667; 2; 0; 0; 0; 0; 6 
32; Charpie, Wesley; 21; 17; 1634; 0; 1; 1; 3; .000; 1; .333; 0; 0; 0; 0; 0; 8 
37; Bouchard, Adam; 15; 11; 1033; 0; 0; 0; 3; .000; 0; .000; 2; 1; 0; 0; 0; 12 
63; Fraser, Liam; 10; 7; 668; 0; 0; 0; 2; .000; 1; .500; 1; 0; 0; 0; 0; 8 
62; Vukovic, Stefan; 7; 1; 239; 0; 0; 0; 2; .000; 0; .000; 0; 0; 0; 0; 0; 8 
43; Serjeant, Mark; 4; 4; 264; 0; 0; 0; 1; .000; 1; 1.000; 1; 0; 0; 0; 0; 2 
38; Simonin, Clement; 3; 3; 165; 0; 1; 1; 1; .000; 0; .000; 1; 0; 0; 0; 0; 2 
59; Ononye, Emeka; 13; 11; 871; 0; 0; 0; 1; .000; 0; .000; 0; 0; 0; 0; 0; 4 
49; Davis, Martin; 2; 1; 68; 0; 0; 0; 1; .000; 0; .000; 0; 0; 0; 0; 0; 3 
43; Dias, Andrew; 2; 1; 117; 0; 0; 0; 0; .000; 0; .000; 0; 0; 0; 0; 0; 0 
6; Hagglund, Nick; 1; 0; 45; 0; 0; 0; 0; .000; 0; .000; 0; 0; 0; 0; 0; 1 
1; Konopka, Chris; 1; 1; 45; 0; 0; 0; 0; .000; 0; .000; 0; 0; 0; 0; 0; 0 
51; Boskovic, Robert; 3; 1; 89; 0; 0; 0; 0; .000; 0; .000; 0; 0; 0; 0; 0; 2 
52; Osorio, Nicholas; 2; 0; 15; 0; 0; 0; 0; .000; 0; .000; 0; 0; 0; 0; 0; 0 
64; Timachy, Kevin; 5; 0; 134; 0; 0; 0; 0; .000; 0; .000; 0; 0; 0; 0; 0; 1 
54; Boakye, Gabriel; 9; 7; 589; 0; 0; 0; 0; .000; 0; .000; 0; 0; 0; 0; 0; 6 
50; Robertson, Tarik; 3; 1; 119; 0; 0; 0; 0; .000; 0; .000; 0; 1; 0; 0; 0; 0 
40; Roberts, Quillan; 15; 15; 1305; 0; 0; 0; 0; .000; 0; .000; 1; 0; 0; 0; 0; 0 
52; Restrepo, Mateo; 1; 0; 1; 0; 0; 0; 0; .000; 0; .000; 0; 0; 0; 0; 0; 0 
51; Thorpe, Rahim; 1; 0; 2; 0; 0; 0; 0; .000; 0; .000; 0; 0; 0; 0; 0; 0 
46; Fabrizi, Daniel; 18; 11; 1030; 0; 0; 0; 0; .000; 0; .000; 1; 0; 0; 0; 0; 10 
25; Bono, Alex; 12; 10; 990; 0; 0; 0; 0; .000; 0; .000; 1; 0; 0; 0; 0; 1 
5; Morgan, Ashtone; 1; 1; 90; 0; 0; 0; 0; .000; 0; .000; 0; 0; 0; 0; 0; 1

Team: Tulsa Roughnecks

9; Ochoa, Sammy; 27; 22; 1913; 9; 3; 21; 49; .184; 29; .592; 7; 0; 2; 3; 3; 30 
11; Nwabueze, Kidd; 24; 4; 717; 5; 0; 10; 42; .119; 20; .476; 1; 0; 1; 0; 0; 16 
24; Ballew, Brady; 23; 20; 1736; 6; 4; 16; 40; .150; 22; .550; 1; 0; 1; 0; 0; 15 
7; Bardsley, Gibson; 18; 7; 842; 4; 0; 8; 36; .111; 14; .389; 3; 0; 1; 1; 1; 20 
10; Cordeiro, Lucas; 20; 14; 1099; 4; 5; 13; 33; .121; 16; .485; 1; 0; 2; 1; 1; 6 
13; Miller, Steven; 28; 25; 2125; 3; 2; 8; 31; .097; 15; .484; 2; 0; 1; 0; 0; 17 
20; Mata, Cristian; 15; 11; 976; 6; 1; 13; 31; .194; 14; .452; 0; 0; 0; 0; 0; 5 
14; Black, Adam; 25; 12; 1146; 3; 1; 7; 26; .115; 12; .462; 1; 0; 1; 0; 0; 11 
19; Jimenez, Oscar; 20; 10; 837; 1; 2; 4; 15; .067; 4; .267; 3; 0; 0; 0; 0; 7 
8; Bond, Chad; 24; 24; 2104; 0; 8; 8; 13; .000; 3; .231; 6; 0; 0; 0; 0; 29 
6; Price, Ryan; 26; 25; 2199; 0; 0; 0; 11; .000; 2; .182; 2; 0; 0; 0; 0; 19 
26; Lorei, Andy; 12; 3; 280; 0; 0; 0; 9; .000; 4; .444; 1; 0; 0; 0; 0; 6 
4; Bell, Laurie; 22; 6; 602; 1; 0; 2; 9; .111; 3; .333; 2; 0; 0; 0; 0; 12 
3; Davoren, Iarfhlaith; 21; 21; 1833; 1; 2; 4; 9; .111; 3; .333; 6; 1; 0; 0; 0; 15 
5; Kyle Venter; 24; 23; 2083; 3; 0; 6; 8; .375; 5; .625; 1; 0; 1; 0; 0; 9 
23; Galbraith-Knapp, Eli; 16; 12; 1017; 1; 1; 3; 8; .125; 4; .500; 3; 0; 0; 0; 0; 6 
17; Brewster, Ben; 23; 19; 1705; 0; 1; 1; 8; .000; 2; .250; 3; 0; 0; 0; 0; 17 
2; Manhebo, Henri; 11; 10; 910; 1; 0; 2; 5; .200; 1; .200; 3; 0; 0; 0; 0; 21 
18; Portugal, Julian; 8; 3; 358; 0; 0; 0; 1; .000; 0; .000; 0; 0; 0; 0; 0; 1 
21; Grimes, Mason; 10; 9; 768; 0; 0; 0; 1; .000; 0; .000; 2; 0; 0; 0; 0; 2 
1; Lubin, Zac; 16; 15; 1354; 0; 0; 0; 0; .000; 0; .000; 0; 0; 0; 0; 0; 0 
25; Feener, Jake; 14; 13; 1170; 0; 0; 0; 0; .000; 0; .000; 0; 0; 0; 0; 0; 0 

Team: Vancouver Whitecaps FC 2

32; Bustos, Marco; 17; 15; 1360; 7; 2; 16; 44; .159; 15; .341; 4; 0; 2; 1; 1; 23 
46; Levis, Brett; 20; 13; 1094; 4; 2; 10; 37; .108; 16; .432; 2; 0; 0; 0; 0; 13 
48; Blasco, Victor; 24; 16; 1328; 4; 6; 14; 36; .111; 21; .583; 3; 1; 2; 0; 0; 31 
51; Schuler, Billy; 26; 9; 894; 2; 4; 8; 32; .062; 12; .375; 2; 0; 0; 0; 0; 5 
34; Clarke, Caleb; 25; 19; 1653; 7; 4; 18; 29; .241; 17; .586; 0; 0; 2; 0; 1; 20 
30; McKendry, Ben; 21; 20; 1643; 2; 0; 4; 20; .100; 9; .450; 4; 0; 1; 0; 0; 21 
25; Lewis, Andre; 14; 11; 935; 3; 2; 8; 18; .167; 9; .500; 1; 0; 0; 0; 0; 7 
38; Froese, Kianz; 6; 6; 522; 1; 0; 2; 17; .059; 7; .412; 3; 0; 0; 0; 0; 9 
49; Pridham, Mackenzie; 20; 2; 410; 0; 0; 0; 13; .000; 5; .385; 0; 0; 0; 0; 0; 4 
50; Sandhu, Sahil; 25; 16; 1461; 0; 0; 0; 13; .000; 3; .231; 1; 0; 0; 0; 0; 12 
54; Nitti, Craig; 18; 15; 1457; 1; 0; 2; 10; .100; 1; .100; 1; 0; 0; 0; 0; 22 
88; Earnshaw, Robert; 3; 2; 155; 2; 0; 4; 9; .222; 3; .333; 1; 0; 0; 1; 1; 1 
45; Rosenlund, Tyler; 27; 22; 2014; 2; 3; 7; 8; .250; 5; .625; 5; 0; 0; 0; 0; 30 
47; Blagojevic, Jovan; 17; 1; 241; 0; 0; 0; 7; .000; 3; .429; 0; 0; 0; 0; 0; 3 
41; Farmer, Jackson; 24; 22; 2001; 0; 0; 0; 6; .000; 3; .500; 0; 0; 0; 0; 0; 23 
20; Flores, Deybi; 3; 3; 235; 0; 0; 0; 4; .000; 3; .750; 0; 0; 0; 0; 0; 3 
42; Haynes, Jordan; 16; 14; 1198; 0; 0; 0; 4; .000; 2; .500; 0; 0; 0; 0; 0; 5 
22; Dean, Christian; 10; 10; 875; 1; 0; 2; 4; .250; 2; .500; 1; 0; 0; 0; 0; 10 
9; Mezquida, Nicolas; 1; 1; 63; 0; 0; 0; 4; .000; 2; .500; 0; 0; 0; 0; 0; 1 
55; Serban, Chris; 16; 13; 1181; 1; 1; 3; 4; .250; 2; .500; 2; 0; 0; 0; 0; 13 
19; Hurtado, Erik; 3; 2; 141; 0; 0; 0; 4; .000; 1; .250; 0; 0; 0; 0; 0; 1 
58; Seymore, Will; 10; 9; 847; 0; 0; 0; 4; .000; 0; .000; 4; 0; 0; 0; 0; 20 
18; Rodriguez, Diego; 7; 7; 500; 0; 0; 0; 3; .000; 1; .333; 1; 0; 0; 0; 0; 3 
27; Sampson, Ethen; 12; 11; 995; 1; 0; 2; 2; .500; 2; 1.000; 4; 1; 1; 0; 0; 11 
37; Piraux, Mitch; 7; 5; 455; 0; 0; 0; 2; .000; 1; .500; 3; 0; 0; 0; 0; 8 
63; Chung, Kadin; 2; 0; 41; 0; 0; 0; 1; .000; 1; 1.000; 0; 0; 0; 0; 0; 1 
64; Gardner, Thomas; 3; 0; 62; 0; 0; 0; 1; .000; 0; .000; 0; 0; 0; 0; 0; 0 
62; Wynne, Deklan; 4; 3; 280; 0; 0; 0; 1; .000; 0; .000; 1; 0; 0; 0; 0; 2 
3; Adekugbe, Sam; 2; 2; 180; 0; 0; 0; 1; .000; 0; .000; 1; 0; 0; 0; 0; 0 
39; Richey, Spencer; 13; 12; 1086; 0; 0; 0; 1; .000; 0; .000; 1; 0; 0; 0; 0; 1 
56; Christianson, Ian; 8; 4; 393; 0; 0; 0; 1; .000; 0; .000; 1; 0; 0; 0; 0; 6 
61; Campbell, Terran; 1; 0; 1; 0; 0; 0; 0; .000; 0; .000; 0; 0; 0; 0; 0; 0 
26; Parker, Tim; 7; 7; 585; 0; 0; 0; 0; .000; 0; .000; 2; 0; 0; 0; 0; 9 
24; Carducci, Marco; 9; 9; 810; 0; 0; 0; 0; .000; 0; .000; 0; 0; 0; 0; 0; 1

Team: Wilmington Hammerheads

11; Jane, Sunny; 24; 17; 1494; 2; 0; 4; 31; .065; 12; .387; 1; 0; 0; 0; 1; 5 
19; Bone, Corben; 21; 18; 1586; 0; 2; 2; 24; .000; 7; .292; 3; 0; 0; 0; 1; 9 
44; Lawal, Qudus; 11; 8; 595; 2; 2; 6; 22; .091; 11; .500; 2; 0; 1; 0; 0; 7 
6; Ackley, Brian; 22; 19; 1548; 3; 0; 6; 16; .188; 8; .500; 6; 0; 0; 2; 2; 18 
10; Moose, Justin; 24; 16; 1370; 2; 0; 4; 13; .154; 6; .462; 0; 0; 0; 0; 0; 8 
7; Tomaselli, Ross; 23; 17; 1372; 0; 1; 1; 13; .000; 5; .385; 0; 0; 0; 0; 0; 5 
23; Zimmerman, Nick; 14; 9; 876; 3; 0; 6; 13; .231; 5; .385; 0; 0; 1; 1; 1; 4 
12; Campbell, Andrae; 25; 23; 1888; 1; 1; 3; 12; .083; 7; .583; 4; 0; 0; 0; 0; 8 
8; Nicholson, Paul; 28; 27; 2385; 0; 0; 0; 11; .000; 5; .455; 2; 0; 0; 0; 0; 17 
9; Wheeler, Aaron; 10; 6; 572; 2; 1; 5; 11; .182; 5; .455; 3; 1; 0; 0; 0; 3 
21; Heaney, Will; 22; 9; 819; 1; 0; 2; 11; .091; 4; .364; 2; 0; 1; 0; 0; 8 
17; Arnoux, Cody; 13; 3; 390; 0; 0; 0; 7; .000; 5; .714; 3; 1; 0; 0; 0; 6 
16; Defregger, Stefan; 15; 12; 1028; 2; 0; 4; 7; .286; 3; .429; 1; 0; 0; 0; 0; 4 
24; Martinez, Fran; 21; 19; 1705; 0; 0; 0; 6; .000; 2; .333; 3; 0; 0; 0; 0; 10 
29; Bassogog, Christian; 16; 7; 833; 0; 2; 2; 6; .000; 1; .167; 0; 0; 0; 0; 0; 0 
5; Cole, Troy; 27; 26; 2288; 1; 0; 2; 4; .250; 2; .500; 3; 0; 0; 0; 0; 12 
44; Taylor, Tony; 3; 1; 138; 0; 0; 0; 4; .000; 1; .250; 0; 0; 0; 0; 0; 0 
52; Anunga, Brian; 9; 5; 421; 0; 0; 0; 4; .000; 0; .000; 2; 0; 0; 0; 0; 6 
4; Fairclough, Ashani; 8; 4; 500; 2; 0; 4; 3; .667; 2; .667; 2; 0; 0; 0; 0; 3 
2; Parratt, Tom; 23; 17; 1376; 0; 2; 2; 3; .000; 2; .667; 7; 0; 0; 0; 0; 13 
29; Alvarez, Pablo; 1; 1; 90; 0; 0; 0; 3; .000; 0; .000; 0; 0; 0; 0; 0; 2 
52; McMamara, Tommy; 1; 1; 59; 0; 0; 0; 2; .000; 2; 1.000; 0; 0; 0; 0; 0; 0 
20; Taublieb, Zev; 6; 4; 416; 0; 0; 0; 2; .000; 0; .000; 0; 0; 0; 0; 0; 4 
14; Godelman, Marc; 10; 2; 283; 0; 0; 0; 1; .000; 1; 1.000; 3; 0; 0; 0; 0; 3 
27; Mendoza, Andres; 2; 1; 90; 1; 0; 2; 1; 1.000; 1; 1.000; 0; 0; 0; 1; 1; 2 
20; Redding, Tommy; 1; 1; 90; 0; 0; 0; 1; .000; 0; .000; 0; 0; 0; 0; 0; 0 
4; Gurrieri, Kyle; 1; 0; 21; 0; 0; 0; 1; .000; 0; .000; 0; 0; 0; 0; 0; 2 
56; Dunn, Matt; 1; 1; 90; 0; 0; 0; 0; .000; 0; .000; 0; 0; 0; 0; 0; 1 
32; Brandt, Connor; 1; 0; 34; 0; 0; 0; 0; .000; 0; .000; 0; 0; 0; 0; 0; 1 
28; Poku, Kwadwo; 1; 1; 90; 0; 0; 0; 0; .000; 0; .000; 1; 0; 0; 0; 0; 1 
0; Rawls, Andre; 22; 22; 1935; 0; 0; 0; 0; .000; 0; .000; 0; 0; 0; 0; 0; 0 
3; Peters, Anthony; 8; 5; 368; 0; 0; 0; 0; .000; 0; .000; 1; 0; 0; 0; 0; 1 
1; Jackson, Larry; 7; 4; 405; 0; 0; 0; 0; .000; 0; .000; 0; 1; 0; 0; 0; 0





